CHE,2021-01-24T00:00:00.000+05:30,197231.0,"","","","",2.28,"","","","Moderna, Pfizer/BioNTech",Federal Office of Public Health,https://www.covid19.admin.ch/en/epidemiologic/vacc-doses?detGeo=CH,""
CHE,2021-01-25T00:00:00.000+05:30,204757.0,"","",7526.0,7526.0,2.37,"","",870.0,"Moderna, Pfizer/BioNTech",Federal Office of Public Health,https://www.covid19.admin.ch/en/epidemiologic/vacc-doses?detGeo=CH,""
CHE,2021-01-26T00:00:00.000+05:30,213038.0,"","",8281.0,7904.0,2.46,"","",913.0,"Moderna, Pfizer/BioNTech",Federal Office of Public Health,https://www.covid19.admin.ch/en/epidemiologic/vacc-doses?detGeo=CH,""
CHE,2021-01-27T00:00:00.000+05:30,259222.0,"","",46184.0,20664.0,3.0,"","",2388.0,"Moderna, Pfizer/BioNTech",Federal Office of Public Health,https://www.covid19.admin.ch/en/epidemiologic/vacc-doses?detGeo=CH,""
CHE,2021-01-28T00:00:00.000+05:30,268340.0,"","",9118.0,17777.0,3.1,"","",2054.0,"Moderna, Pfizer/BioNTech",Federal Office of Public Health,https://www.covid19.admin.ch/en/epidemiologic/vacc-doses?detGeo=CH,""
CHE,2021-01-29T00:00:00.000+05:30,276352.0,"","",8012.0,15824.0,3.19,"","",1828.0,"Moderna, Pfizer/BioNTech",Federal Office of Public Health,https://www.covid19.admin.ch/en/epidemiologic/vacc-doses?detGeo=CH,""
CHE,2021-01-30T00:00:00.000+05:30,277628.0,"","",1276.0,13400.0,3.21,"","",1548.0,"Moderna, Pfizer/BioNTech",Federal Office of Public Health,https://www.covid19.admin.ch/en/epidemiologic/vacc-doses?detGeo=CH,""
CHE,2021-01-31T00:00:00.000+05:30,314251.0,"","",36623.0,16717.0,3.63,"","",1932.0,"Moderna, Pfizer/BioNTech",Federal Office of Public Health,https://www.covid19.admin.ch/en/epidemiologic/vacc-doses?detGeo=CH,""
CHE,2021-02-01T00:00:00.000+05:30,321404.0,"","",7153.0,16664.0,3.71,"","",1925.0,"Moderna, Pfizer/BioNTech",Federal Office of Public Health,https://www.covid19.admin.ch/en/epidemiologic/vacc-doses?detGeo=CH,""
CHE,2021-02-02T00:00:00.000+05:30,329382.0,"","",7978.0,16621.0,3.81,"","",1920.0,"Moderna, Pfizer/BioNTech",Federal Office of Public Health,https://www.covid19.admin.ch/en/epidemiologic/vacc-doses?detGeo=CH,""
CHE,2021-02-03T00:00:00.000+05:30,369464.0,"","",40082.0,15749.0,4.27,"","",1820.0,"Moderna, Pfizer/BioNTech",Federal Office of Public Health,https://www.covid19.admin.ch/en/epidemiologic/vacc-doses?detGeo=CH,""
CHE,2021-02-04T00:00:00.000+05:30,378037.0,"","",8573.0,15671.0,4.37,"","",1811.0,"Moderna, Pfizer/BioNTech",Federal Office of Public Health,https://www.covid19.admin.ch/en/epidemiologic/vacc-doses?detGeo=CH,""
CHE,2021-02-05T00:00:00.000+05:30,385912.0,"","",7875.0,15651.0,4.46,"","",1808.0,"Moderna, Pfizer/BioNTech",Federal Office of Public Health,https://www.covid19.admin.ch/en/epidemiologic/vacc-doses?detGeo=CH,""
CHE,2021-02-06T00:00:00.000+05:30,387094.0,"","",1182.0,15638.0,4.47,"","",1807.0,"Moderna, Pfizer/BioNTech",Federal Office of Public Health,https://www.covid19.admin.ch/en/epidemiologic/vacc-doses?detGeo=CH,""
CHE,2021-02-07T00:00:00.000+05:30,413120.0,"","",26026.0,14124.0,4.77,"","",1632.0,"Moderna, Pfizer/BioNTech",Federal Office of Public Health,https://www.covid19.admin.ch/en/epidemiologic/vacc-doses?detGeo=CH,""
CHE,2021-02-08T00:00:00.000+05:30,422332.0,"","",9212.0,14418.0,4.88,"","",1666.0,"Moderna, Pfizer/BioNTech",Federal Office of Public Health,https://www.covid19.admin.ch/en/epidemiologic/vacc-doses?detGeo=CH,""
CHE,2021-02-09T00:00:00.000+05:30,432142.0,"","",9810.0,14680.0,4.99,"","",1696.0,"Moderna, Pfizer/BioNTech",Federal Office of Public Health,https://www.covid19.admin.ch/en/epidemiologic/vacc-doses?detGeo=CH,""
CHE,2021-02-10T00:00:00.000+05:30,481855.0,"","",49713.0,16056.0,5.57,"","",1855.0,"Moderna, Pfizer/BioNTech",Federal Office of Public Health,https://www.covid19.admin.ch/en/epidemiologic/vacc-doses?detGeo=CH,""
CHE,2021-02-11T00:00:00.000+05:30,492594.0,"","",10739.0,16365.0,5.69,"","",1891.0,"Moderna, Pfizer/BioNTech",Federal Office of Public Health,https://www.covid19.admin.ch/en/epidemiologic/vacc-doses?detGeo=CH,""
CHE,2021-02-12T00:00:00.000+05:30,504318.0,"","",11724.0,16915.0,5.83,"","",1954.0,"Moderna, Pfizer/BioNTech",Federal Office of Public Health,https://www.covid19.admin.ch/en/epidemiologic/vacc-doses?detGeo=CH,""
CHE,2021-02-13T00:00:00.000+05:30,506785.0,"","",2467.0,17099.0,5.86,"","",1976.0,"Moderna, Pfizer/BioNTech",Federal Office of Public Health,https://www.covid19.admin.ch/en/epidemiologic/vacc-doses?detGeo=CH,""
CHE,2021-02-14T00:00:00.000+05:30,541962.0,440012.0,101950.0,35177.0,18406.0,6.26,5.08,1.18,2127.0,"Moderna, Pfizer/BioNTech",Federal Office of Public Health,https://www.covid19.admin.ch/en/epidemiologic/vacc-doses?detGeo=CH,""
CHE,2021-02-15T00:00:00.000+05:30,553276.0,445639.0,107637.0,11314.0,18706.0,6.39,5.15,1.24,2161.0,"Moderna, Pfizer/BioNTech",Federal Office of Public Health,https://www.covid19.admin.ch/en/epidemiologic/vacc-doses?detGeo=CH,""
CHE,2021-02-16T00:00:00.000+05:30,565959.0,451866.0,114093.0,12683.0,19117.0,6.54,5.22,1.32,2209.0,"Moderna, Pfizer/BioNTech",Federal Office of Public Health,https://www.covid19.admin.ch/en/epidemiologic/vacc-doses?detGeo=CH,""
CHE,2021-02-17T00:00:00.000+05:30,611649.0,474489.0,137160.0,45690.0,18542.0,7.07,5.48,1.58,2142.0,"Moderna, Pfizer/BioNTech",Federal Office of Public Health,https://www.covid19.admin.ch/en/epidemiologic/vacc-doses?detGeo=CH,""
CHE,2021-02-18T00:00:00.000+05:30,625455.0,480698.0,144757.0,13806.0,18980.0,7.23,5.55,1.67,2193.0,"Moderna, Pfizer/BioNTech",Federal Office of Public Health,https://www.covid19.admin.ch/en/epidemiologic/vacc-doses?detGeo=CH,""
CHE,2021-02-19T00:00:00.000+05:30,636996.0,485184.0,151812.0,11541.0,18954.0,7.36,5.61,1.75,2190.0,"Moderna, Pfizer/BioNTech",Federal Office of Public Health,https://www.covid19.admin.ch/en/epidemiologic/vacc-doses?detGeo=CH,""
CHE,2021-02-20T00:00:00.000+05:30,639629.0,485784.0,153845.0,2633.0,18978.0,7.39,5.61,1.78,2193.0,"Moderna, Pfizer/BioNTech",Federal Office of Public Health,https://www.covid19.admin.ch/en/epidemiologic/vacc-doses?detGeo=CH,""
CHE,2021-02-21T00:00:00.000+05:30,673329.0,500499.0,172830.0,33700.0,18767.0,7.78,5.78,2.0,2168.0,"Moderna, Pfizer/BioNTech",Federal Office of Public Health,https://www.covid19.admin.ch/en/epidemiologic/vacc-doses?detGeo=CH,""
CHE,2021-02-22T00:00:00.000+05:30,682540.0,503641.0,178899.0,9211.0,18466.0,7.89,5.82,2.07,2134.0,"Moderna, Pfizer/BioNTech",Federal Office of Public Health,https://www.covid19.admin.ch/en/epidemiologic/vacc-doses?detGeo=CH,""
CHE,2021-02-23T00:00:00.000+05:30,693942.0,507937.0,186005.0,11402.0,18283.0,8.02,5.87,2.15,2113.0,"Moderna, Pfizer/BioNTech",Federal Office of Public Health,https://www.covid19.admin.ch/en/epidemiologic/vacc-doses?detGeo=CH,""
CHE,2021-02-24T00:00:00.000+05:30,748065.0,527579.0,220486.0,54123.0,19488.0,8.64,6.1,2.55,2252.0,"Moderna, Pfizer/BioNTech",Federal Office of Public Health,https://www.covid19.admin.ch/en/epidemiologic/vacc-doses?detGeo=CH,""
CHE,2021-02-25T00:00:00.000+05:30,758658.0,530934.0,227724.0,10593.0,19029.0,8.77,6.13,2.63,2199.0,"Moderna, Pfizer/BioNTech",Federal Office of Public Health,https://www.covid19.admin.ch/en/epidemiologic/vacc-doses?detGeo=CH,""
CHE,2021-02-26T00:00:00.000+05:30,768217.0,534125.0,234092.0,9559.0,18746.0,8.88,6.17,2.7,2166.0,"Moderna, Pfizer/BioNTech",Federal Office of Public Health,https://www.covid19.admin.ch/en/epidemiologic/vacc-doses?detGeo=CH,""
CHE,2021-02-27T00:00:00.000+05:30,769853.0,534851.0,235002.0,1636.0,18603.0,8.9,6.18,2.72,2149.0,"Moderna, Pfizer/BioNTech",Federal Office of Public Health,https://www.covid19.admin.ch/en/epidemiologic/vacc-doses?detGeo=CH,""
CHE,2021-02-28T00:00:00.000+05:30,805913.0,546753.0,259160.0,36060.0,18941.0,9.31,6.32,2.99,2189.0,"Moderna, Pfizer/BioNTech",Federal Office of Public Health,https://www.covid19.admin.ch/en/epidemiologic/vacc-doses?detGeo=CH,""
CHE,2021-03-01T00:00:00.000+05:30,816783.0,552475.0,264308.0,10870.0,19178.0,9.44,6.38,3.05,2216.0,"Moderna, Pfizer/BioNTech",Federal Office of Public Health,https://www.covid19.admin.ch/en/epidemiologic/vacc-doses?detGeo=CH,""
CHE,2021-03-02T00:00:00.000+05:30,828060.0,558626.0,269434.0,11277.0,19160.0,9.57,6.45,3.11,2214.0,"Moderna, Pfizer/BioNTech",Federal Office of Public Health,https://www.covid19.admin.ch/en/epidemiologic/vacc-doses?detGeo=CH,""
CHE,2021-03-03T00:00:00.000+05:30,882768.0,582887.0,299881.0,54708.0,19243.0,10.2,6.73,3.46,2223.0,"Moderna, Pfizer/BioNTech",Federal Office of Public Health,https://www.covid19.admin.ch/en/epidemiologic/vacc-doses?detGeo=CH,""
CHE,2021-03-04T00:00:00.000+05:30,895314.0,590086.0,305228.0,12546.0,19522.0,10.34,6.82,3.53,2256.0,"Moderna, Pfizer/BioNTech",Federal Office of Public Health,https://www.covid19.admin.ch/en/epidemiologic/vacc-doses?detGeo=CH,""
CHE,2021-03-05T00:00:00.000+05:30,905261.0,596122.0,309139.0,9947.0,19578.0,10.46,6.89,3.57,2262.0,"Moderna, Pfizer/BioNTech",Federal Office of Public Health,https://www.covid19.admin.ch/en/epidemiologic/vacc-doses?detGeo=CH,""
CHE,2021-03-06T00:00:00.000+05:30,906856.0,597228.0,309628.0,1595.0,19572.0,10.48,6.9,3.58,2261.0,"Moderna, Pfizer/BioNTech",Federal Office of Public Health,https://www.covid19.admin.ch/en/epidemiologic/vacc-doses?detGeo=CH,""
CHE,2021-03-07T00:00:00.000+05:30,949104.0,617305.0,331799.0,42248.0,20456.0,10.97,7.13,3.83,2364.0,"Moderna, Pfizer/BioNTech",Federal Office of Public Health,https://www.covid19.admin.ch/en/epidemiologic/vacc-doses?detGeo=CH,""
CHE,2021-03-08T00:00:00.000+05:30,958919.0,623316.0,335603.0,9815.0,20305.0,11.08,7.2,3.88,2346.0,"Moderna, Pfizer/BioNTech",Federal Office of Public Health,https://www.covid19.admin.ch/en/epidemiologic/vacc-doses?detGeo=CH,""
CHE,2021-03-09T00:00:00.000+05:30,970077.0,630249.0,339828.0,11158.0,20288.0,11.21,7.28,3.93,2344.0,"Moderna, Pfizer/BioNTech",Federal Office of Public Health,https://www.covid19.admin.ch/en/epidemiologic/vacc-doses?detGeo=CH,""
CHE,2021-03-10T00:00:00.000+05:30,1035374.0,666893.0,368481.0,65297.0,21801.0,11.96,7.71,4.26,2519.0,"Moderna, Pfizer/BioNTech",Federal Office of Public Health,https://www.covid19.admin.ch/en/epidemiologic/vacc-doses?detGeo=CH,""
CHE,2021-03-11T00:00:00.000+05:30,1047492.0,674496.0,372996.0,12118.0,21740.0,12.1,7.79,4.31,2512.0,"Moderna, Pfizer/BioNTech",Federal Office of Public Health,https://www.covid19.admin.ch/en/epidemiologic/vacc-doses?detGeo=CH,""
CHE,2021-03-12T00:00:00.000+05:30,1059471.0,681455.0,378016.0,11979.0,22030.0,12.24,7.87,4.37,2545.0,"Moderna, Pfizer/BioNTech",Federal Office of Public Health,https://www.covid19.admin.ch/en/epidemiologic/vacc-doses?detGeo=CH,""
CHE,2021-03-13T00:00:00.000+05:30,1061402.0,682486.0,378916.0,1931.0,22078.0,12.26,7.89,4.38,2551.0,"Moderna, Pfizer/BioNTech",Federal Office of Public Health,https://www.covid19.admin.ch/en/epidemiologic/vacc-doses?detGeo=CH,""
CHE,2021-03-14T00:00:00.000+05:30,1098268.0,704151.0,394117.0,36866.0,21309.0,12.69,8.14,4.55,2462.0,"Moderna, Pfizer/BioNTech",Federal Office of Public Health,https://www.covid19.admin.ch/en/epidemiologic/vacc-doses?detGeo=CH,""
CHE,2021-03-15T00:00:00.000+05:30,1110039.0,710040.0,399999.0,11771.0,21589.0,12.83,8.2,4.62,2495.0,"Moderna, Pfizer/BioNTech",Federal Office of Public Health,https://www.covid19.admin.ch/en/epidemiologic/vacc-doses?detGeo=CH,""
CHE,2021-03-16T00:00:00.000+05:30,1122641.0,716159.0,406482.0,12602.0,21795.0,12.97,8.27,4.7,2518.0,"Moderna, Pfizer/BioNTech",Federal Office of Public Health,https://www.covid19.admin.ch/en/epidemiologic/vacc-doses?detGeo=CH,""
CHE,2021-03-17T00:00:00.000+05:30,1176875.0,744681.0,432194.0,54234.0,20214.0,13.6,8.6,4.99,2336.0,"Moderna, Pfizer/BioNTech",Federal Office of Public Health,https://www.covid19.admin.ch/en/epidemiologic/vacc-doses?detGeo=CH,""
