GRC,2020-12-28T00:00:00.000+05:30,447.0,447.0,"","","",0.0,0.0,"","","Moderna, Oxford/AstraZeneca, Pfizer/BioNTech",Ministry of Health,https://www.data.gov.gr/datasets/mdg_emvolio/,""
GRC,2020-12-29T00:00:00.000+05:30,1077.0,1077.0,"",630.0,630.0,0.01,0.01,"",60.0,"Moderna, Oxford/AstraZeneca, Pfizer/BioNTech",Ministry of Health,https://www.data.gov.gr/datasets/mdg_emvolio/,""
GRC,2020-12-30T00:00:00.000+05:30,1722.0,1722.0,"",645.0,638.0,0.02,0.02,"",61.0,"Moderna, Oxford/AstraZeneca, Pfizer/BioNTech",Ministry of Health,https://www.data.gov.gr/datasets/mdg_emvolio/,""
GRC,2020-12-31T00:00:00.000+05:30,2339.0,2339.0,"",617.0,631.0,0.02,0.02,"",61.0,"Moderna, Oxford/AstraZeneca, Pfizer/BioNTech",Ministry of Health,https://www.data.gov.gr/datasets/mdg_emvolio/,""
GRC,2021-01-01T00:00:00.000+05:30,2603.0,2603.0,"",264.0,539.0,0.02,0.02,"",52.0,"Moderna, Oxford/AstraZeneca, Pfizer/BioNTech",Ministry of Health,https://www.data.gov.gr/datasets/mdg_emvolio/,""
GRC,2021-01-02T00:00:00.000+05:30,3149.0,3149.0,"",546.0,540.0,0.03,0.03,"",52.0,"Moderna, Oxford/AstraZeneca, Pfizer/BioNTech",Ministry of Health,https://www.data.gov.gr/datasets/mdg_emvolio/,""
GRC,2021-01-03T00:00:00.000+05:30,3869.0,3869.0,"",720.0,570.0,0.04,0.04,"",55.0,"Moderna, Oxford/AstraZeneca, Pfizer/BioNTech",Ministry of Health,https://www.data.gov.gr/datasets/mdg_emvolio/,""
GRC,2021-01-04T00:00:00.000+05:30,10327.0,10327.0,"",6458.0,1411.0,0.1,0.1,"",135.0,"Moderna, Oxford/AstraZeneca, Pfizer/BioNTech",Ministry of Health,https://www.data.gov.gr/datasets/mdg_emvolio/,""
GRC,2021-01-05T00:00:00.000+05:30,16631.0,16631.0,"",6304.0,2222.0,0.16,0.16,"",213.0,"Moderna, Oxford/AstraZeneca, Pfizer/BioNTech",Ministry of Health,https://www.data.gov.gr/datasets/mdg_emvolio/,""
GRC,2021-01-06T00:00:00.000+05:30,20616.0,20616.0,"",3985.0,2699.0,0.2,0.2,"",259.0,"Moderna, Oxford/AstraZeneca, Pfizer/BioNTech",Ministry of Health,https://www.data.gov.gr/datasets/mdg_emvolio/,""
GRC,2021-01-07T00:00:00.000+05:30,26445.0,26445.0,"",5829.0,3444.0,0.25,0.25,"",330.0,"Moderna, Oxford/AstraZeneca, Pfizer/BioNTech",Ministry of Health,https://www.data.gov.gr/datasets/mdg_emvolio/,""
GRC,2021-01-08T00:00:00.000+05:30,35272.0,35272.0,"",8827.0,4667.0,0.34,0.34,"",448.0,"Moderna, Oxford/AstraZeneca, Pfizer/BioNTech",Ministry of Health,https://www.data.gov.gr/datasets/mdg_emvolio/,""
GRC,2021-01-09T00:00:00.000+05:30,40427.0,40427.0,"",5155.0,5325.0,0.39,0.39,"",511.0,"Moderna, Oxford/AstraZeneca, Pfizer/BioNTech",Ministry of Health,https://www.data.gov.gr/datasets/mdg_emvolio/,""
GRC,2021-01-10T00:00:00.000+05:30,44645.0,44645.0,"",4218.0,5825.0,0.43,0.43,"",559.0,"Moderna, Oxford/AstraZeneca, Pfizer/BioNTech",Ministry of Health,https://www.data.gov.gr/datasets/mdg_emvolio/,""
GRC,2021-01-11T00:00:00.000+05:30,50045.0,50045.0,"",5400.0,5674.0,0.48,0.48,"",544.0,"Moderna, Oxford/AstraZeneca, Pfizer/BioNTech",Ministry of Health,https://www.data.gov.gr/datasets/mdg_emvolio/,""
GRC,2021-01-12T00:00:00.000+05:30,56475.0,56475.0,"",6430.0,5692.0,0.54,0.54,"",546.0,"Moderna, Oxford/AstraZeneca, Pfizer/BioNTech",Ministry of Health,https://www.data.gov.gr/datasets/mdg_emvolio/,""
GRC,2021-01-13T00:00:00.000+05:30,64932.0,64932.0,"",8457.0,6331.0,0.62,0.62,"",607.0,"Moderna, Oxford/AstraZeneca, Pfizer/BioNTech",Ministry of Health,https://www.data.gov.gr/datasets/mdg_emvolio/,""
GRC,2021-01-14T00:00:00.000+05:30,70960.0,70960.0,"",6028.0,6359.0,0.68,0.68,"",610.0,"Moderna, Oxford/AstraZeneca, Pfizer/BioNTech",Ministry of Health,https://www.data.gov.gr/datasets/mdg_emvolio/,""
GRC,2021-01-15T00:00:00.000+05:30,75412.0,75412.0,"",4452.0,5734.0,0.72,0.72,"",550.0,"Moderna, Oxford/AstraZeneca, Pfizer/BioNTech",Ministry of Health,https://www.data.gov.gr/datasets/mdg_emvolio/,""
GRC,2021-01-16T00:00:00.000+05:30,80391.0,80389.0,2.0,4979.0,5709.0,0.77,0.77,0.0,548.0,"Moderna, Oxford/AstraZeneca, Pfizer/BioNTech",Ministry of Health,https://www.data.gov.gr/datasets/mdg_emvolio/,""
GRC,2021-01-17T00:00:00.000+05:30,"","","","",5500.0,"","","",528.0,"Moderna, Oxford/AstraZeneca, Pfizer/BioNTech",Ministry of Health,https://www.data.gov.gr/datasets/mdg_emvolio/,""
GRC,2021-01-18T00:00:00.000+05:30,85898.0,85475.0,423.0,"",5122.0,0.82,0.82,0.0,491.0,"Moderna, Oxford/AstraZeneca, Pfizer/BioNTech",Ministry of Health,https://www.data.gov.gr/datasets/mdg_emvolio/,""
GRC,2021-01-19T00:00:00.000+05:30,94454.0,93382.0,1072.0,8556.0,5426.0,0.91,0.9,0.01,521.0,"Moderna, Oxford/AstraZeneca, Pfizer/BioNTech",Ministry of Health,https://www.data.gov.gr/datasets/mdg_emvolio/,""
GRC,2021-01-20T00:00:00.000+05:30,109831.0,108167.0,1664.0,15377.0,6414.0,1.05,1.04,0.02,615.0,"Moderna, Oxford/AstraZeneca, Pfizer/BioNTech",Ministry of Health,https://www.data.gov.gr/datasets/mdg_emvolio/,""
GRC,2021-01-21T00:00:00.000+05:30,125928.0,123667.0,2261.0,16097.0,7853.0,1.21,1.19,0.02,753.0,"Moderna, Oxford/AstraZeneca, Pfizer/BioNTech",Ministry of Health,https://www.data.gov.gr/datasets/mdg_emvolio/,""
GRC,2021-01-22T00:00:00.000+05:30,143877.0,141298.0,2579.0,17949.0,9781.0,1.38,1.36,0.02,938.0,"Moderna, Oxford/AstraZeneca, Pfizer/BioNTech",Ministry of Health,https://www.data.gov.gr/datasets/mdg_emvolio/,""
GRC,2021-01-23T00:00:00.000+05:30,160101.0,156966.0,3135.0,16224.0,11387.0,1.54,1.51,0.03,1092.0,"Moderna, Oxford/AstraZeneca, Pfizer/BioNTech",Ministry of Health,https://www.data.gov.gr/datasets/mdg_emvolio/,""
GRC,2021-01-24T00:00:00.000+05:30,"","","","",12412.0,"","","",1191.0,"Moderna, Oxford/AstraZeneca, Pfizer/BioNTech",Ministry of Health,https://www.data.gov.gr/datasets/mdg_emvolio/,""
GRC,2021-01-25T00:00:00.000+05:30,179951.0,171890.0,8061.0,"",13436.0,1.73,1.65,0.08,1289.0,"Moderna, Oxford/AstraZeneca, Pfizer/BioNTech",Ministry of Health,https://www.data.gov.gr/datasets/mdg_emvolio/,""
GRC,2021-01-26T00:00:00.000+05:30,197755.0,184610.0,13145.0,17804.0,14757.0,1.9,1.77,0.13,1416.0,"Moderna, Oxford/AstraZeneca, Pfizer/BioNTech",Ministry of Health,https://www.data.gov.gr/datasets/mdg_emvolio/,""
GRC,2021-01-27T00:00:00.000+05:30,216040.0,198161.0,17879.0,18285.0,15173.0,2.07,1.9,0.17,1456.0,"Moderna, Oxford/AstraZeneca, Pfizer/BioNTech",Ministry of Health,https://www.data.gov.gr/datasets/mdg_emvolio/,""
GRC,2021-01-28T00:00:00.000+05:30,234285.0,210488.0,23797.0,18245.0,15480.0,2.25,2.02,0.23,1485.0,"Moderna, Oxford/AstraZeneca, Pfizer/BioNTech",Ministry of Health,https://www.data.gov.gr/datasets/mdg_emvolio/,""
GRC,2021-01-29T00:00:00.000+05:30,253363.0,220621.0,32742.0,19078.0,15641.0,2.43,2.12,0.31,1501.0,"Moderna, Oxford/AstraZeneca, Pfizer/BioNTech",Ministry of Health,https://www.data.gov.gr/datasets/mdg_emvolio/,""
GRC,2021-01-30T00:00:00.000+05:30,271287.0,232399.0,38888.0,17924.0,15884.0,2.6,2.23,0.37,1524.0,"Moderna, Oxford/AstraZeneca, Pfizer/BioNTech",Ministry of Health,https://www.data.gov.gr/datasets/mdg_emvolio/,""
GRC,2021-01-31T00:00:00.000+05:30,"","","","",16075.0,"","","",1542.0,"Moderna, Oxford/AstraZeneca, Pfizer/BioNTech",Ministry of Health,https://www.data.gov.gr/datasets/mdg_emvolio/,""
GRC,2021-02-01T00:00:00.000+05:30,293817.0,247251.0,46566.0,"",16267.0,2.82,2.37,0.45,1561.0,"Moderna, Oxford/AstraZeneca, Pfizer/BioNTech",Ministry of Health,https://www.data.gov.gr/datasets/mdg_emvolio/,""
GRC,2021-02-02T00:00:00.000+05:30,315628.0,261543.0,54085.0,21811.0,16839.0,3.03,2.51,0.52,1616.0,"Moderna, Oxford/AstraZeneca, Pfizer/BioNTech",Ministry of Health,https://www.data.gov.gr/datasets/mdg_emvolio/,""
GRC,2021-02-03T00:00:00.000+05:30,338122.0,276103.0,62019.0,22494.0,17440.0,3.24,2.65,0.6,1673.0,"Moderna, Oxford/AstraZeneca, Pfizer/BioNTech",Ministry of Health,https://www.data.gov.gr/datasets/mdg_emvolio/,""
GRC,2021-02-04T00:00:00.000+05:30,359723.0,291259.0,68464.0,21601.0,17920.0,3.45,2.79,0.66,1719.0,"Moderna, Oxford/AstraZeneca, Pfizer/BioNTech",Ministry of Health,https://www.data.gov.gr/datasets/mdg_emvolio/,""
GRC,2021-02-05T00:00:00.000+05:30,380136.0,306441.0,73695.0,20413.0,18110.0,3.65,2.94,0.71,1737.0,"Moderna, Oxford/AstraZeneca, Pfizer/BioNTech",Ministry of Health,https://www.data.gov.gr/datasets/mdg_emvolio/,""
GRC,2021-02-06T00:00:00.000+05:30,397857.0,318097.0,79760.0,17721.0,18081.0,3.82,3.05,0.77,1735.0,"Moderna, Oxford/AstraZeneca, Pfizer/BioNTech",Ministry of Health,https://www.data.gov.gr/datasets/mdg_emvolio/,""
GRC,2021-02-07T00:00:00.000+05:30,"","","","",17880.0,"","","",1715.0,"Moderna, Oxford/AstraZeneca, Pfizer/BioNTech",Ministry of Health,https://www.data.gov.gr/datasets/mdg_emvolio/,""
GRC,2021-02-08T00:00:00.000+05:30,417565.0,332812.0,84753.0,"",17678.0,4.01,3.19,0.81,1696.0,"Moderna, Oxford/AstraZeneca, Pfizer/BioNTech",Ministry of Health,https://www.data.gov.gr/datasets/mdg_emvolio/,""
GRC,2021-02-09T00:00:00.000+05:30,437872.0,345290.0,92582.0,20307.0,17463.0,4.2,3.31,0.89,1675.0,"Moderna, Oxford/AstraZeneca, Pfizer/BioNTech",Ministry of Health,https://www.data.gov.gr/datasets/mdg_emvolio/,""
GRC,2021-02-10T00:00:00.000+05:30,459535.0,353412.0,106123.0,21663.0,17345.0,4.41,3.39,1.02,1664.0,"Moderna, Oxford/AstraZeneca, Pfizer/BioNTech",Ministry of Health,https://www.data.gov.gr/datasets/mdg_emvolio/,""
GRC,2021-02-11T00:00:00.000+05:30,482416.0,360800.0,121616.0,22881.0,17528.0,4.63,3.46,1.17,1682.0,"Moderna, Oxford/AstraZeneca, Pfizer/BioNTech",Ministry of Health,https://www.data.gov.gr/datasets/mdg_emvolio/,""
GRC,2021-02-12T00:00:00.000+05:30,506038.0,366749.0,139289.0,23622.0,17986.0,4.85,3.52,1.34,1726.0,"Moderna, Oxford/AstraZeneca, Pfizer/BioNTech",Ministry of Health,https://www.data.gov.gr/datasets/mdg_emvolio/,""
GRC,2021-02-13T00:00:00.000+05:30,526369.0,371462.0,154907.0,20331.0,18359.0,5.05,3.56,1.49,1761.0,"Moderna, Oxford/AstraZeneca, Pfizer/BioNTech",Ministry of Health,https://www.data.gov.gr/datasets/mdg_emvolio/,""
GRC,2021-02-14T00:00:00.000+05:30,"","","","",18978.0,"","","",1821.0,"Moderna, Oxford/AstraZeneca, Pfizer/BioNTech",Ministry of Health,https://www.data.gov.gr/datasets/mdg_emvolio/,""
GRC,2021-02-15T00:00:00.000+05:30,554745.0,386049.0,168696.0,"",19597.0,5.32,3.7,1.62,1880.0,"Moderna, Oxford/AstraZeneca, Pfizer/BioNTech",Ministry of Health,https://www.data.gov.gr/datasets/mdg_emvolio/,""
GRC,2021-02-16T00:00:00.000+05:30,575766.0,397840.0,177926.0,21021.0,19699.0,5.52,3.82,1.71,1890.0,"Moderna, Oxford/AstraZeneca, Pfizer/BioNTech",Ministry of Health,https://www.data.gov.gr/datasets/mdg_emvolio/,""
GRC,2021-02-17T00:00:00.000+05:30,603667.0,412970.0,190697.0,27901.0,20590.0,5.79,3.96,1.83,1975.0,"Moderna, Oxford/AstraZeneca, Pfizer/BioNTech",Ministry of Health,https://www.data.gov.gr/datasets/mdg_emvolio/,""
GRC,2021-02-18T00:00:00.000+05:30,634037.0,430124.0,203913.0,30370.0,21660.0,6.08,4.13,1.96,2078.0,"Moderna, Oxford/AstraZeneca, Pfizer/BioNTech",Ministry of Health,https://www.data.gov.gr/datasets/mdg_emvolio/,""
GRC,2021-02-19T00:00:00.000+05:30,664347.0,449073.0,215274.0,30310.0,22616.0,6.37,4.31,2.07,2170.0,"Moderna, Oxford/AstraZeneca, Pfizer/BioNTech",Ministry of Health,https://www.data.gov.gr/datasets/mdg_emvolio/,""
GRC,2021-02-20T00:00:00.000+05:30,693436.0,465842.0,227594.0,29089.0,23867.0,6.65,4.47,2.18,2290.0,"Moderna, Oxford/AstraZeneca, Pfizer/BioNTech",Ministry of Health,https://www.data.gov.gr/datasets/mdg_emvolio/,""
GRC,2021-02-21T00:00:00.000+05:30,697245.0,467656.0,229589.0,3809.0,22384.0,6.69,4.49,2.2,2148.0,"Moderna, Oxford/AstraZeneca, Pfizer/BioNTech",Ministry of Health,https://www.data.gov.gr/datasets/mdg_emvolio/,""
GRC,2021-02-22T00:00:00.000+05:30,730410.0,486820.0,243590.0,33165.0,25095.0,7.01,4.67,2.34,2408.0,"Moderna, Oxford/AstraZeneca, Pfizer/BioNTech",Ministry of Health,https://www.data.gov.gr/datasets/mdg_emvolio/,""
GRC,2021-02-23T00:00:00.000+05:30,762624.0,505148.0,257476.0,32214.0,26694.0,7.32,4.85,2.47,2561.0,"Moderna, Oxford/AstraZeneca, Pfizer/BioNTech",Ministry of Health,https://www.data.gov.gr/datasets/mdg_emvolio/,""
GRC,2021-02-24T00:00:00.000+05:30,794347.0,522510.0,271837.0,31723.0,27240.0,7.62,5.01,2.61,2613.0,"Moderna, Oxford/AstraZeneca, Pfizer/BioNTech",Ministry of Health,https://www.data.gov.gr/datasets/mdg_emvolio/,""
GRC,2021-02-25T00:00:00.000+05:30,826370.0,540039.0,286331.0,32023.0,27476.0,7.93,5.18,2.75,2636.0,"Moderna, Oxford/AstraZeneca, Pfizer/BioNTech",Ministry of Health,https://www.data.gov.gr/datasets/mdg_emvolio/,""
GRC,2021-02-26T00:00:00.000+05:30,857306.0,556380.0,300926.0,30936.0,27566.0,8.23,5.34,2.89,2645.0,"Moderna, Oxford/AstraZeneca, Pfizer/BioNTech",Ministry of Health,https://www.data.gov.gr/datasets/mdg_emvolio/,""
GRC,2021-02-27T00:00:00.000+05:30,885821.0,572174.0,313647.0,28515.0,27484.0,8.5,5.49,3.01,2637.0,"Moderna, Oxford/AstraZeneca, Pfizer/BioNTech",Ministry of Health,https://www.data.gov.gr/datasets/mdg_emvolio/,""
GRC,2021-02-28T00:00:00.000+05:30,"","","","",29466.0,"","","",2827.0,"Moderna, Oxford/AstraZeneca, Pfizer/BioNTech",Ministry of Health,https://www.data.gov.gr/datasets/mdg_emvolio/,""
GRC,2021-03-01T00:00:00.000+05:30,921189.0,594053.0,327136.0,"",27254.0,8.84,5.7,3.14,2615.0,"Moderna, Oxford/AstraZeneca, Pfizer/BioNTech",Ministry of Health,https://www.data.gov.gr/datasets/mdg_emvolio/,""
GRC,2021-03-02T00:00:00.000+05:30,957139.0,617737.0,339402.0,35950.0,27788.0,9.18,5.93,3.26,2666.0,"Moderna, Oxford/AstraZeneca, Pfizer/BioNTech",Ministry of Health,https://www.data.gov.gr/datasets/mdg_emvolio/,""
GRC,2021-03-03T00:00:00.000+05:30,991409.0,643218.0,348191.0,34270.0,28152.0,9.51,6.17,3.34,2701.0,"Moderna, Oxford/AstraZeneca, Pfizer/BioNTech",Ministry of Health,https://www.data.gov.gr/datasets/mdg_emvolio/,""
GRC,2021-03-04T00:00:00.000+05:30,1024711.0,669152.0,355559.0,33302.0,28334.0,9.83,6.42,3.41,2718.0,"Moderna, Oxford/AstraZeneca, Pfizer/BioNTech",Ministry of Health,https://www.data.gov.gr/datasets/mdg_emvolio/,""
GRC,2021-03-05T00:00:00.000+05:30,1059304.0,697876.0,361428.0,34593.0,28857.0,10.16,6.7,3.47,2769.0,"Moderna, Oxford/AstraZeneca, Pfizer/BioNTech",Ministry of Health,https://www.data.gov.gr/datasets/mdg_emvolio/,""
GRC,2021-03-06T00:00:00.000+05:30,1091749.0,725388.0,366361.0,32445.0,29418.0,10.47,6.96,3.51,2822.0,"Moderna, Oxford/AstraZeneca, Pfizer/BioNTech",Ministry of Health,https://www.data.gov.gr/datasets/mdg_emvolio/,""
GRC,2021-03-07T00:00:00.000+05:30,"","","","",29343.0,"","","",2815.0,"Moderna, Oxford/AstraZeneca, Pfizer/BioNTech",Ministry of Health,https://www.data.gov.gr/datasets/mdg_emvolio/,""
GRC,2021-03-08T00:00:00.000+05:30,1126060.0,753636.0,372424.0,"",29267.0,10.8,7.23,3.57,2808.0,"Moderna, Oxford/AstraZeneca, Pfizer/BioNTech",Ministry of Health,https://www.data.gov.gr/datasets/mdg_emvolio/,""
GRC,2021-03-09T00:00:00.000+05:30,1158386.0,780536.0,377850.0,32326.0,28750.0,11.11,7.49,3.63,2758.0,"Moderna, Oxford/AstraZeneca, Pfizer/BioNTech",Ministry of Health,https://www.data.gov.gr/datasets/mdg_emvolio/,""
GRC,2021-03-10T00:00:00.000+05:30,1190723.0,807280.0,383443.0,32337.0,28473.0,11.42,7.75,3.68,2732.0,"Moderna, Oxford/AstraZeneca, Pfizer/BioNTech",Ministry of Health,https://www.data.gov.gr/datasets/mdg_emvolio/,""
GRC,2021-03-11T00:00:00.000+05:30,1222393.0,831761.0,390632.0,31670.0,28240.0,11.73,7.98,3.75,2709.0,"Moderna, Oxford/AstraZeneca, Pfizer/BioNTech",Ministry of Health,https://www.data.gov.gr/datasets/mdg_emvolio/,""
GRC,2021-03-12T00:00:00.000+05:30,1254087.0,855151.0,398936.0,31694.0,27826.0,12.03,8.2,3.83,2670.0,"Moderna, Oxford/AstraZeneca, Pfizer/BioNTech",Ministry of Health,https://www.data.gov.gr/datasets/mdg_emvolio/,""
GRC,2021-03-13T00:00:00.000+05:30,1283472.0,877402.0,406070.0,29385.0,27389.0,12.31,8.42,3.9,2628.0,"Moderna, Oxford/AstraZeneca, Pfizer/BioNTech",Ministry of Health,https://www.data.gov.gr/datasets/mdg_emvolio/,""
GRC,2021-03-14T00:00:00.000+05:30,"","","","",25079.0,"","","",2406.0,"Moderna, Oxford/AstraZeneca, Pfizer/BioNTech",Ministry of Health,https://www.data.gov.gr/datasets/mdg_emvolio/,""
GRC,2021-03-15T00:00:00.000+05:30,1285437.0,877644.0,407793.0,"",22768.0,12.33,8.42,3.91,2184.0,"Moderna, Oxford/AstraZeneca, Pfizer/BioNTech",Ministry of Health,https://www.data.gov.gr/datasets/mdg_emvolio/,""
GRC,2021-03-16T00:00:00.000+05:30,1316554.0,895920.0,420634.0,31117.0,22595.0,12.63,8.6,4.04,2168.0,"Moderna, Oxford/AstraZeneca, Pfizer/BioNTech",Ministry of Health,https://www.data.gov.gr/datasets/mdg_emvolio/,""
GRC,2021-03-17T00:00:00.000+05:30,1345735.0,915641.0,430094.0,29181.0,22145.0,12.91,8.78,4.13,2125.0,"Moderna, Oxford/AstraZeneca, Pfizer/BioNTech",Ministry of Health,https://www.data.gov.gr/datasets/mdg_emvolio/,""
GRC,2021-03-18T00:00:00.000+05:30,1375828.0,935269.0,440559.0,30093.0,21919.0,13.2,8.97,4.23,2103.0,"Moderna, Oxford/AstraZeneca, Pfizer/BioNTech",Ministry of Health,https://www.data.gov.gr/datasets/mdg_emvolio/,""
GRC,2021-03-19T00:00:00.000+05:30,1407064.0,956745.0,450319.0,31236.0,21854.0,13.5,9.18,4.32,2097.0,"Moderna, Oxford/AstraZeneca, Pfizer/BioNTech",Ministry of Health,https://www.data.gov.gr/datasets/mdg_emvolio/,""
GRC,2021-03-20T00:00:00.000+05:30,1436491.0,977045.0,459446.0,29427.0,21860.0,13.78,9.37,4.41,2097.0,"Moderna, Oxford/AstraZeneca, Pfizer/BioNTech",Ministry of Health,https://www.data.gov.gr/datasets/mdg_emvolio/,""
