LBN,2021-02-13T00:00:00.000+05:30,0.0,"","","","",0.0,"","","",Pfizer/BioNTech,Government of Lebanon,https://impact.cib.gov.lb/home/dashboard/vaccine,""
LBN,2021-02-14T00:00:00.000+05:30,48.0,"","",48.0,48.0,0.0,"","",7.0,Pfizer/BioNTech,Government of Lebanon,https://impact.cib.gov.lb/home/dashboard/vaccine,""
LBN,2021-02-15T00:00:00.000+05:30,1280.0,"","",1232.0,640.0,0.02,"","",94.0,Pfizer/BioNTech,Government of Lebanon,https://impact.cib.gov.lb/home/dashboard/vaccine,""
LBN,2021-02-16T00:00:00.000+05:30,3266.0,"","",1986.0,1089.0,0.05,"","",160.0,Pfizer/BioNTech,Government of Lebanon,https://impact.cib.gov.lb/home/dashboard/vaccine,""
LBN,2021-02-17T00:00:00.000+05:30,5932.0,"","",2666.0,1483.0,0.09,"","",217.0,Pfizer/BioNTech,Government of Lebanon,https://impact.cib.gov.lb/home/dashboard/vaccine,""
LBN,2021-02-18T00:00:00.000+05:30,9605.0,"","",3673.0,1921.0,0.14,"","",281.0,Pfizer/BioNTech,Government of Lebanon,https://impact.cib.gov.lb/home/dashboard/vaccine,""
LBN,2021-02-19T00:00:00.000+05:30,13329.0,"","",3724.0,2222.0,0.2,"","",326.0,Pfizer/BioNTech,Government of Lebanon,https://impact.cib.gov.lb/home/dashboard/vaccine,""
LBN,2021-02-20T00:00:00.000+05:30,13329.0,"","",0.0,1904.0,0.2,"","",279.0,Pfizer/BioNTech,Government of Lebanon,https://impact.cib.gov.lb/home/dashboard/vaccine,""
LBN,2021-02-21T00:00:00.000+05:30,13329.0,"","",0.0,1897.0,0.2,"","",278.0,Pfizer/BioNTech,Government of Lebanon,https://impact.cib.gov.lb/home/dashboard/vaccine,""
LBN,2021-02-22T00:00:00.000+05:30,18031.0,"","",4702.0,2393.0,0.26,"","",351.0,Pfizer/BioNTech,Government of Lebanon,https://impact.cib.gov.lb/home/dashboard/vaccine,""
LBN,2021-02-23T00:00:00.000+05:30,21575.0,"","",3544.0,2616.0,0.32,"","",383.0,Pfizer/BioNTech,Government of Lebanon,https://impact.cib.gov.lb/home/dashboard/vaccine,""
LBN,2021-02-24T00:00:00.000+05:30,25393.0,"","",3818.0,2780.0,0.37,"","",407.0,Pfizer/BioNTech,Government of Lebanon,https://impact.cib.gov.lb/home/dashboard/vaccine,""
LBN,2021-02-25T00:00:00.000+05:30,29820.0,"","",4427.0,2888.0,0.44,"","",423.0,Pfizer/BioNTech,Government of Lebanon,https://impact.cib.gov.lb/home/dashboard/vaccine,""
LBN,2021-02-26T00:00:00.000+05:30,34991.0,"","",5171.0,3095.0,0.51,"","",453.0,Pfizer/BioNTech,Government of Lebanon,https://impact.cib.gov.lb/home/dashboard/vaccine,""
LBN,2021-02-27T00:00:00.000+05:30,34991.0,"","",0.0,3095.0,0.51,"","",453.0,Pfizer/BioNTech,Government of Lebanon,https://impact.cib.gov.lb/home/dashboard/vaccine,""
LBN,2021-02-28T00:00:00.000+05:30,40593.0,"","",5602.0,3895.0,0.59,"","",571.0,Pfizer/BioNTech,Government of Lebanon,https://impact.cib.gov.lb/home/dashboard/vaccine,""
LBN,2021-03-01T00:00:00.000+05:30,45859.0,"","",5266.0,3975.0,0.67,"","",582.0,Pfizer/BioNTech,Government of Lebanon,https://impact.cib.gov.lb/home/dashboard/vaccine,""
LBN,2021-03-02T00:00:00.000+05:30,47625.0,"","",1766.0,3721.0,0.7,"","",545.0,Pfizer/BioNTech,Government of Lebanon,https://impact.cib.gov.lb/home/dashboard/vaccine,""
LBN,2021-03-03T00:00:00.000+05:30,54585.0,"","",6960.0,4170.0,0.8,"","",611.0,Pfizer/BioNTech,Government of Lebanon,https://impact.cib.gov.lb/home/dashboard/vaccine,""
LBN,2021-03-04T00:00:00.000+05:30,57474.0,"","",2889.0,3951.0,0.84,"","",579.0,Pfizer/BioNTech,Government of Lebanon,https://impact.cib.gov.lb/home/dashboard/vaccine,""
LBN,2021-03-05T00:00:00.000+05:30,60538.0,"","",3064.0,3650.0,0.89,"","",535.0,Pfizer/BioNTech,Government of Lebanon,https://impact.cib.gov.lb/home/dashboard/vaccine,""
LBN,2021-03-06T00:00:00.000+05:30,60740.0,"","",202.0,3678.0,0.89,"","",539.0,Pfizer/BioNTech,Government of Lebanon,https://impact.cib.gov.lb/home/dashboard/vaccine,""
LBN,2021-03-07T00:00:00.000+05:30,61330.0,"","",590.0,2962.0,0.9,"","",434.0,Pfizer/BioNTech,Government of Lebanon,https://impact.cib.gov.lb/home/dashboard/vaccine,""
LBN,2021-03-08T00:00:00.000+05:30,64007.0,"","",2677.0,2593.0,0.94,"","",380.0,Pfizer/BioNTech,Government of Lebanon,https://impact.cib.gov.lb/home/dashboard/vaccine,""
LBN,2021-03-09T00:00:00.000+05:30,64974.0,"","",967.0,2478.0,0.95,"","",363.0,Pfizer/BioNTech,Government of Lebanon,https://impact.cib.gov.lb/home/dashboard/vaccine,""
LBN,2021-03-10T00:00:00.000+05:30,87216.0,75341.0,11875.0,22242.0,4662.0,1.28,1.1,0.17,683.0,Pfizer/BioNTech,Government of Lebanon,https://impact.cib.gov.lb/home/dashboard/vaccine,""
LBN,2021-03-11T00:00:00.000+05:30,91967.0,76883.0,15084.0,4751.0,4928.0,1.35,1.13,0.22,722.0,Pfizer/BioNTech,Government of Lebanon,https://impact.cib.gov.lb/home/dashboard/vaccine,""
LBN,2021-03-12T00:00:00.000+05:30,95888.0,78177.0,17711.0,3921.0,5050.0,1.4,1.15,0.26,740.0,Pfizer/BioNTech,Government of Lebanon,https://impact.cib.gov.lb/home/dashboard/vaccine,""
LBN,2021-03-13T00:00:00.000+05:30,"","","","",5442.0,"","","",797.0,Pfizer/BioNTech,Government of Lebanon,https://impact.cib.gov.lb/home/dashboard/vaccine,""
LBN,2021-03-14T00:00:00.000+05:30,"","","","",5778.0,"","","",847.0,Pfizer/BioNTech,Government of Lebanon,https://impact.cib.gov.lb/home/dashboard/vaccine,""
LBN,2021-03-15T00:00:00.000+05:30,104725.0,81802.0,22923.0,"",5817.0,1.53,1.2,0.34,852.0,Pfizer/BioNTech,Government of Lebanon,https://impact.cib.gov.lb/home/dashboard/vaccine,""
LBN,2021-03-16T00:00:00.000+05:30,115164.0,86098.0,29066.0,10439.0,7170.0,1.69,1.26,0.43,1050.0,Pfizer/BioNTech,Government of Lebanon,https://impact.cib.gov.lb/home/dashboard/vaccine,""
LBN,2021-03-17T00:00:00.000+05:30,120890.0,88219.0,32671.0,5726.0,4811.0,1.77,1.29,0.48,705.0,Pfizer/BioNTech,Government of Lebanon,https://impact.cib.gov.lb/home/dashboard/vaccine,""
LBN,2021-03-18T00:00:00.000+05:30,129487.0,90974.0,38513.0,8597.0,5360.0,1.9,1.33,0.56,785.0,Pfizer/BioNTech,Government of Lebanon,https://impact.cib.gov.lb/home/dashboard/vaccine,""
LBN,2021-03-19T00:00:00.000+05:30,135277.0,92573.0,42704.0,5790.0,5627.0,1.98,1.36,0.63,824.0,Pfizer/BioNTech,Government of Lebanon,https://impact.cib.gov.lb/home/dashboard/vaccine,""
LBN,2021-03-20T00:00:00.000+05:30,135349.0,92597.0,42752.0,72.0,5216.0,1.98,1.36,0.63,764.0,Pfizer/BioNTech,Government of Lebanon,https://impact.cib.gov.lb/home/dashboard/vaccine,""
LBN,2021-03-21T00:00:00.000+05:30,138420.0,93801.0,44619.0,3071.0,5234.0,2.03,1.37,0.65,767.0,Pfizer/BioNTech,Government of Lebanon,https://impact.cib.gov.lb/home/dashboard/vaccine,""
