ESP,2021-01-04T00:00:00.000+05:30,82834.0,82834.0,"","","",0.18,0.18,"","","Moderna, Oxford/AstraZeneca, Pfizer/BioNTech",Ministry of Health,https://www.mscbs.gob.es/profesionales/saludPublica/ccayes/alertasActual/nCov/vacunaCovid19.htm,""
ESP,2021-01-05T00:00:00.000+05:30,139339.0,139339.0,"",56505.0,56505.0,0.3,0.3,"",1209.0,"Moderna, Oxford/AstraZeneca, Pfizer/BioNTech",Ministry of Health,https://www.mscbs.gob.es/profesionales/saludPublica/ccayes/alertasActual/nCov/vacunaCovid19.htm,""
ESP,2021-01-06T00:00:00.000+05:30,"","","","",45248.0,"","","",968.0,"Moderna, Oxford/AstraZeneca, Pfizer/BioNTech",Ministry of Health,https://www.mscbs.gob.es/profesionales/saludPublica/ccayes/alertasActual/nCov/vacunaCovid19.htm,""
ESP,2021-01-07T00:00:00.000+05:30,207323.0,207323.0,"","",41496.0,0.44,0.44,"",888.0,"Moderna, Oxford/AstraZeneca, Pfizer/BioNTech",Ministry of Health,https://www.mscbs.gob.es/profesionales/saludPublica/ccayes/alertasActual/nCov/vacunaCovid19.htm,""
ESP,2021-01-08T00:00:00.000+05:30,277976.0,277976.0,"",70653.0,48786.0,0.59,0.59,"",1043.0,"Moderna, Oxford/AstraZeneca, Pfizer/BioNTech",Ministry of Health,https://www.mscbs.gob.es/profesionales/saludPublica/ccayes/alertasActual/nCov/vacunaCovid19.htm,""
ESP,2021-01-09T00:00:00.000+05:30,"","","","",47569.0,"","","",1017.0,"Moderna, Oxford/AstraZeneca, Pfizer/BioNTech",Ministry of Health,https://www.mscbs.gob.es/profesionales/saludPublica/ccayes/alertasActual/nCov/vacunaCovid19.htm,""
ESP,2021-01-10T00:00:00.000+05:30,"","","","",46759.0,"","","",1000.0,"Moderna, Oxford/AstraZeneca, Pfizer/BioNTech",Ministry of Health,https://www.mscbs.gob.es/profesionales/saludPublica/ccayes/alertasActual/nCov/vacunaCovid19.htm,""
ESP,2021-01-11T00:00:00.000+05:30,406091.0,406091.0,"","",46180.0,0.87,0.87,"",988.0,"Moderna, Oxford/AstraZeneca, Pfizer/BioNTech",Ministry of Health,https://www.mscbs.gob.es/profesionales/saludPublica/ccayes/alertasActual/nCov/vacunaCovid19.htm,""
ESP,2021-01-12T00:00:00.000+05:30,488122.0,488122.0,"",82031.0,49826.0,1.04,1.04,"",1066.0,"Moderna, Oxford/AstraZeneca, Pfizer/BioNTech",Ministry of Health,https://www.mscbs.gob.es/profesionales/saludPublica/ccayes/alertasActual/nCov/vacunaCovid19.htm,""
ESP,2021-01-13T00:00:00.000+05:30,581638.0,581638.0,"",93516.0,58330.0,1.24,1.24,"",1248.0,"Moderna, Oxford/AstraZeneca, Pfizer/BioNTech",Ministry of Health,https://www.mscbs.gob.es/profesionales/saludPublica/ccayes/alertasActual/nCov/vacunaCovid19.htm,""
ESP,2021-01-14T00:00:00.000+05:30,676186.0,676186.0,"",94548.0,66980.0,1.45,1.45,"",1433.0,"Moderna, Oxford/AstraZeneca, Pfizer/BioNTech",Ministry of Health,https://www.mscbs.gob.es/profesionales/saludPublica/ccayes/alertasActual/nCov/vacunaCovid19.htm,""
ESP,2021-01-15T00:00:00.000+05:30,768950.0,768950.0,"",92764.0,70139.0,1.64,1.64,"",1500.0,"Moderna, Oxford/AstraZeneca, Pfizer/BioNTech",Ministry of Health,https://www.mscbs.gob.es/profesionales/saludPublica/ccayes/alertasActual/nCov/vacunaCovid19.htm,""
ESP,2021-01-16T00:00:00.000+05:30,"","","","",70181.0,"","","",1501.0,"Moderna, Oxford/AstraZeneca, Pfizer/BioNTech",Ministry of Health,https://www.mscbs.gob.es/profesionales/saludPublica/ccayes/alertasActual/nCov/vacunaCovid19.htm,""
ESP,2021-01-17T00:00:00.000+05:30,"","","","",70223.0,"","","",1502.0,"Moderna, Oxford/AstraZeneca, Pfizer/BioNTech",Ministry of Health,https://www.mscbs.gob.es/profesionales/saludPublica/ccayes/alertasActual/nCov/vacunaCovid19.htm,""
ESP,2021-01-18T00:00:00.000+05:30,897942.0,895627.0,2315.0,"",70264.0,1.92,1.92,0.0,1503.0,"Moderna, Oxford/AstraZeneca, Pfizer/BioNTech",Ministry of Health,https://www.mscbs.gob.es/profesionales/saludPublica/ccayes/alertasActual/nCov/vacunaCovid19.htm,""
ESP,2021-01-19T00:00:00.000+05:30,966097.0,956756.0,9341.0,68155.0,68282.0,2.07,2.05,0.02,1460.0,"Moderna, Oxford/AstraZeneca, Pfizer/BioNTech",Ministry of Health,https://www.mscbs.gob.es/profesionales/saludPublica/ccayes/alertasActual/nCov/vacunaCovid19.htm,""
ESP,2021-01-20T00:00:00.000+05:30,1025937.0,1010295.0,15642.0,59840.0,63471.0,2.19,2.16,0.03,1358.0,"Moderna, Oxford/AstraZeneca, Pfizer/BioNTech",Ministry of Health,https://www.mscbs.gob.es/profesionales/saludPublica/ccayes/alertasActual/nCov/vacunaCovid19.htm,""
ESP,2021-01-21T00:00:00.000+05:30,1103301.0,1054245.0,49056.0,77364.0,61016.0,2.36,2.25,0.1,1305.0,"Moderna, Oxford/AstraZeneca, Pfizer/BioNTech",Ministry of Health,https://www.mscbs.gob.es/profesionales/saludPublica/ccayes/alertasActual/nCov/vacunaCovid19.htm,""
ESP,2021-01-22T00:00:00.000+05:30,1165825.0,1097369.0,68456.0,62524.0,56696.0,2.49,2.35,0.15,1213.0,"Moderna, Oxford/AstraZeneca, Pfizer/BioNTech",Ministry of Health,https://www.mscbs.gob.es/profesionales/saludPublica/ccayes/alertasActual/nCov/vacunaCovid19.htm,""
ESP,2021-01-23T00:00:00.000+05:30,"","","","",55680.0,"","","",1191.0,"Moderna, Oxford/AstraZeneca, Pfizer/BioNTech",Ministry of Health,https://www.mscbs.gob.es/profesionales/saludPublica/ccayes/alertasActual/nCov/vacunaCovid19.htm,""
ESP,2021-01-24T00:00:00.000+05:30,1237593.0,1148895.0,88698.0,"",54664.0,2.65,2.46,0.19,1169.0,"Moderna, Oxford/AstraZeneca, Pfizer/BioNTech",Ministry of Health,https://www.mscbs.gob.es/profesionales/saludPublica/ccayes/alertasActual/nCov/vacunaCovid19.htm,""
ESP,2021-01-25T00:00:00.000+05:30,1291216.0,1167519.0,123697.0,53623.0,56182.0,2.76,2.5,0.26,1202.0,"Moderna, Oxford/AstraZeneca, Pfizer/BioNTech",Ministry of Health,https://www.mscbs.gob.es/profesionales/saludPublica/ccayes/alertasActual/nCov/vacunaCovid19.htm,""
ESP,2021-01-26T00:00:00.000+05:30,1356461.0,1183395.0,173066.0,65245.0,55766.0,2.9,2.53,0.37,1193.0,"Moderna, Oxford/AstraZeneca, Pfizer/BioNTech",Ministry of Health,https://www.mscbs.gob.es/profesionales/saludPublica/ccayes/alertasActual/nCov/vacunaCovid19.htm,""
ESP,2021-01-27T00:00:00.000+05:30,1395618.0,1202859.0,192759.0,39157.0,52812.0,2.98,2.57,0.41,1130.0,"Moderna, Oxford/AstraZeneca, Pfizer/BioNTech",Ministry of Health,https://www.mscbs.gob.es/profesionales/saludPublica/ccayes/alertasActual/nCov/vacunaCovid19.htm,""
ESP,2021-01-28T00:00:00.000+05:30,1474189.0,1222323.0,251866.0,78571.0,52984.0,3.15,2.61,0.54,1133.0,"Moderna, Oxford/AstraZeneca, Pfizer/BioNTech",Ministry of Health,https://www.mscbs.gob.es/profesionales/saludPublica/ccayes/alertasActual/nCov/vacunaCovid19.htm,""
ESP,2021-01-29T00:00:00.000+05:30,"","","","",50484.0,"","","",1080.0,"Moderna, Oxford/AstraZeneca, Pfizer/BioNTech",Ministry of Health,https://www.mscbs.gob.es/profesionales/saludPublica/ccayes/alertasActual/nCov/vacunaCovid19.htm,""
ESP,2021-01-30T00:00:00.000+05:30,"","","","",51790.0,"","","",1108.0,"Moderna, Oxford/AstraZeneca, Pfizer/BioNTech",Ministry of Health,https://www.mscbs.gob.es/profesionales/saludPublica/ccayes/alertasActual/nCov/vacunaCovid19.htm,""
ESP,2021-01-31T00:00:00.000+05:30,1609261.0,1251369.0,357892.0,"",53095.0,3.44,2.68,0.77,1136.0,"Moderna, Oxford/AstraZeneca, Pfizer/BioNTech",Ministry of Health,https://www.mscbs.gob.es/profesionales/saludPublica/ccayes/alertasActual/nCov/vacunaCovid19.htm,""
ESP,2021-02-01T00:00:00.000+05:30,1673054.0,1254535.0,418519.0,63793.0,54548.0,3.58,2.68,0.9,1167.0,"Moderna, Oxford/AstraZeneca, Pfizer/BioNTech",Ministry of Health,https://www.mscbs.gob.es/profesionales/saludPublica/ccayes/alertasActual/nCov/vacunaCovid19.htm,""
ESP,2021-02-02T00:00:00.000+05:30,1764778.0,1265800.0,498978.0,91724.0,58331.0,3.77,2.71,1.07,1248.0,"Moderna, Oxford/AstraZeneca, Pfizer/BioNTech",Ministry of Health,https://www.mscbs.gob.es/profesionales/saludPublica/ccayes/alertasActual/nCov/vacunaCovid19.htm,""
ESP,2021-02-03T00:00:00.000+05:30,1865342.0,1279220.0,586122.0,100564.0,67103.0,3.99,2.74,1.25,1435.0,"Moderna, Oxford/AstraZeneca, Pfizer/BioNTech",Ministry of Health,https://www.mscbs.gob.es/profesionales/saludPublica/ccayes/alertasActual/nCov/vacunaCovid19.htm,""
ESP,2021-02-04T00:00:00.000+05:30,1988160.0,1305251.0,682909.0,122818.0,73424.0,4.25,2.79,1.46,1570.0,"Moderna, Oxford/AstraZeneca, Pfizer/BioNTech",Ministry of Health,https://www.mscbs.gob.es/profesionales/saludPublica/ccayes/alertasActual/nCov/vacunaCovid19.htm,""
ESP,2021-02-05T00:00:00.000+05:30,"","","","",72558.0,"","","",1552.0,"Moderna, Oxford/AstraZeneca, Pfizer/BioNTech",Ministry of Health,https://www.mscbs.gob.es/profesionales/saludPublica/ccayes/alertasActual/nCov/vacunaCovid19.htm,""
ESP,2021-02-06T00:00:00.000+05:30,"","","","",71691.0,"","","",1533.0,"Moderna, Oxford/AstraZeneca, Pfizer/BioNTech",Ministry of Health,https://www.mscbs.gob.es/profesionales/saludPublica/ccayes/alertasActual/nCov/vacunaCovid19.htm,""
ESP,2021-02-07T00:00:00.000+05:30,2105033.0,1318626.0,786407.0,"",70825.0,4.5,2.82,1.68,1515.0,"Moderna, Oxford/AstraZeneca, Pfizer/BioNTech",Ministry of Health,https://www.mscbs.gob.es/profesionales/saludPublica/ccayes/alertasActual/nCov/vacunaCovid19.htm,""
ESP,2021-02-08T00:00:00.000+05:30,2167241.0,1328459.0,838782.0,62208.0,70598.0,4.64,2.84,1.79,1510.0,"Moderna, Oxford/AstraZeneca, Pfizer/BioNTech",Ministry of Health,https://www.mscbs.gob.es/profesionales/saludPublica/ccayes/alertasActual/nCov/vacunaCovid19.htm,""
ESP,2021-02-09T00:00:00.000+05:30,2233249.0,1343566.0,889683.0,66008.0,66924.0,4.78,2.87,1.9,1431.0,"Moderna, Oxford/AstraZeneca, Pfizer/BioNTech",Ministry of Health,https://www.mscbs.gob.es/profesionales/saludPublica/ccayes/alertasActual/nCov/vacunaCovid19.htm,""
ESP,2021-02-10T00:00:00.000+05:30,2320507.0,1377229.0,943278.0,87258.0,65024.0,4.96,2.95,2.02,1391.0,"Moderna, Oxford/AstraZeneca, Pfizer/BioNTech",Ministry of Health,https://www.mscbs.gob.es/profesionales/saludPublica/ccayes/alertasActual/nCov/vacunaCovid19.htm,""
ESP,2021-02-11T00:00:00.000+05:30,2423045.0,1422560.0,1000485.0,102538.0,62126.0,5.18,3.04,2.14,1329.0,"Moderna, Oxford/AstraZeneca, Pfizer/BioNTech",Ministry of Health,https://www.mscbs.gob.es/profesionales/saludPublica/ccayes/alertasActual/nCov/vacunaCovid19.htm,""
ESP,2021-02-12T00:00:00.000+05:30,"","","","",63159.0,"","","",1351.0,"Moderna, Oxford/AstraZeneca, Pfizer/BioNTech",Ministry of Health,https://www.mscbs.gob.es/profesionales/saludPublica/ccayes/alertasActual/nCov/vacunaCovid19.htm,""
ESP,2021-02-13T00:00:00.000+05:30,"","","","",64192.0,"","","",1373.0,"Moderna, Oxford/AstraZeneca, Pfizer/BioNTech",Ministry of Health,https://www.mscbs.gob.es/profesionales/saludPublica/ccayes/alertasActual/nCov/vacunaCovid19.htm,""
ESP,2021-02-14T00:00:00.000+05:30,2561608.0,1491517.0,1070091.0,"",65225.0,5.48,3.19,2.29,1395.0,"Moderna, Oxford/AstraZeneca, Pfizer/BioNTech",Ministry of Health,https://www.mscbs.gob.es/profesionales/saludPublica/ccayes/alertasActual/nCov/vacunaCovid19.htm,""
ESP,2021-02-15T00:00:00.000+05:30,2624512.0,1527590.0,1096922.0,62904.0,65324.0,5.61,3.27,2.35,1397.0,"Moderna, Oxford/AstraZeneca, Pfizer/BioNTech",Ministry of Health,https://www.mscbs.gob.es/profesionales/saludPublica/ccayes/alertasActual/nCov/vacunaCovid19.htm,""
ESP,2021-02-16T00:00:00.000+05:30,2690457.0,1571277.0,1119180.0,65945.0,65315.0,5.75,3.36,2.39,1397.0,"Moderna, Oxford/AstraZeneca, Pfizer/BioNTech",Ministry of Health,https://www.mscbs.gob.es/profesionales/saludPublica/ccayes/alertasActual/nCov/vacunaCovid19.htm,""
ESP,2021-02-17T00:00:00.000+05:30,2782751.0,1638195.0,1144556.0,92294.0,66035.0,5.95,3.5,2.45,1412.0,"Moderna, Oxford/AstraZeneca, Pfizer/BioNTech",Ministry of Health,https://www.mscbs.gob.es/profesionales/saludPublica/ccayes/alertasActual/nCov/vacunaCovid19.htm,""
ESP,2021-02-18T00:00:00.000+05:30,2936011.0,1764985.0,1171026.0,153260.0,73281.0,6.28,3.77,2.5,1567.0,"Moderna, Oxford/AstraZeneca, Pfizer/BioNTech",Ministry of Health,https://www.mscbs.gob.es/profesionales/saludPublica/ccayes/alertasActual/nCov/vacunaCovid19.htm,""
ESP,2021-02-19T00:00:00.000+05:30,"","","","",74032.0,"","","",1583.0,"Moderna, Oxford/AstraZeneca, Pfizer/BioNTech",Ministry of Health,https://www.mscbs.gob.es/profesionales/saludPublica/ccayes/alertasActual/nCov/vacunaCovid19.htm,""
ESP,2021-02-20T00:00:00.000+05:30,"","","","",74783.0,"","","",1599.0,"Moderna, Oxford/AstraZeneca, Pfizer/BioNTech",Ministry of Health,https://www.mscbs.gob.es/profesionales/saludPublica/ccayes/alertasActual/nCov/vacunaCovid19.htm,""
ESP,2021-02-21T00:00:00.000+05:30,3090351.0,1893290.0,1197061.0,"",75535.0,6.61,4.05,2.56,1616.0,"Moderna, Oxford/AstraZeneca, Pfizer/BioNTech",Ministry of Health,https://www.mscbs.gob.es/profesionales/saludPublica/ccayes/alertasActual/nCov/vacunaCovid19.htm,""
ESP,2021-02-22T00:00:00.000+05:30,3165191.0,1956886.0,1208305.0,74840.0,77240.0,6.77,4.19,2.58,1652.0,"Moderna, Oxford/AstraZeneca, Pfizer/BioNTech",Ministry of Health,https://www.mscbs.gob.es/profesionales/saludPublica/ccayes/alertasActual/nCov/vacunaCovid19.htm,""
ESP,2021-02-23T00:00:00.000+05:30,3284678.0,2063495.0,1221183.0,119487.0,84889.0,7.03,4.41,2.61,1816.0,"Moderna, Oxford/AstraZeneca, Pfizer/BioNTech",Ministry of Health,https://www.mscbs.gob.es/profesionales/saludPublica/ccayes/alertasActual/nCov/vacunaCovid19.htm,""
ESP,2021-02-24T00:00:00.000+05:30,3436158.0,2204376.0,1231782.0,151480.0,93344.0,7.35,4.71,2.63,1996.0,"Moderna, Oxford/AstraZeneca, Pfizer/BioNTech",Ministry of Health,https://www.mscbs.gob.es/profesionales/saludPublica/ccayes/alertasActual/nCov/vacunaCovid19.htm,""
ESP,2021-02-25T00:00:00.000+05:30,3605635.0,2361852.0,1243783.0,169477.0,95661.0,7.71,5.05,2.66,2046.0,"Moderna, Oxford/AstraZeneca, Pfizer/BioNTech",Ministry of Health,https://www.mscbs.gob.es/profesionales/saludPublica/ccayes/alertasActual/nCov/vacunaCovid19.htm,""
ESP,2021-02-26T00:00:00.000+05:30,"","","","",98970.0,"","","",2117.0,"Moderna, Oxford/AstraZeneca, Pfizer/BioNTech",Ministry of Health,https://www.mscbs.gob.es/profesionales/saludPublica/ccayes/alertasActual/nCov/vacunaCovid19.htm,""
ESP,2021-02-27T00:00:00.000+05:30,"","","","",102279.0,"","","",2188.0,"Moderna, Oxford/AstraZeneca, Pfizer/BioNTech",Ministry of Health,https://www.mscbs.gob.es/profesionales/saludPublica/ccayes/alertasActual/nCov/vacunaCovid19.htm,""
ESP,2021-02-28T00:00:00.000+05:30,3829465.0,2567617.0,1261848.0,"",105588.0,8.19,5.49,2.7,2258.0,"Moderna, Oxford/AstraZeneca, Pfizer/BioNTech",Ministry of Health,https://www.mscbs.gob.es/profesionales/saludPublica/ccayes/alertasActual/nCov/vacunaCovid19.htm,""
ESP,2021-03-01T00:00:00.000+05:30,3908734.0,2642034.0,1266700.0,79269.0,106220.0,8.36,5.65,2.71,2272.0,"Moderna, Oxford/AstraZeneca, Pfizer/BioNTech",Ministry of Health,https://www.mscbs.gob.es/profesionales/saludPublica/ccayes/alertasActual/nCov/vacunaCovid19.htm,""
ESP,2021-03-02T00:00:00.000+05:30,4059320.0,2772318.0,1287002.0,150586.0,110663.0,8.68,5.93,2.75,2367.0,"Moderna, Oxford/AstraZeneca, Pfizer/BioNTech",Ministry of Health,https://www.mscbs.gob.es/profesionales/saludPublica/ccayes/alertasActual/nCov/vacunaCovid19.htm,""
ESP,2021-03-03T00:00:00.000+05:30,4229092.0,2920179.0,1308913.0,169772.0,113276.0,9.05,6.25,2.8,2423.0,"Moderna, Oxford/AstraZeneca, Pfizer/BioNTech",Ministry of Health,https://www.mscbs.gob.es/profesionales/saludPublica/ccayes/alertasActual/nCov/vacunaCovid19.htm,""
ESP,2021-03-04T00:00:00.000+05:30,4471577.0,3129092.0,1342485.0,242485.0,123706.0,9.56,6.69,2.87,2646.0,"Moderna, Oxford/AstraZeneca, Pfizer/BioNTech",Ministry of Health,https://www.mscbs.gob.es/profesionales/saludPublica/ccayes/alertasActual/nCov/vacunaCovid19.htm,""
ESP,2021-03-05T00:00:00.000+05:30,"","","","",124505.0,"","","",2663.0,"Moderna, Oxford/AstraZeneca, Pfizer/BioNTech",Ministry of Health,https://www.mscbs.gob.es/profesionales/saludPublica/ccayes/alertasActual/nCov/vacunaCovid19.htm,""
ESP,2021-03-06T00:00:00.000+05:30,"","","","",125304.0,"","","",2680.0,"Moderna, Oxford/AstraZeneca, Pfizer/BioNTech",Ministry of Health,https://www.mscbs.gob.es/profesionales/saludPublica/ccayes/alertasActual/nCov/vacunaCovid19.htm,""
ESP,2021-03-07T00:00:00.000+05:30,4712191.0,3328703.0,1383488.0,"",126104.0,10.08,7.12,2.96,2697.0,"Moderna, Oxford/AstraZeneca, Pfizer/BioNTech",Ministry of Health,https://www.mscbs.gob.es/profesionales/saludPublica/ccayes/alertasActual/nCov/vacunaCovid19.htm,""
ESP,2021-03-08T00:00:00.000+05:30,4848648.0,3436412.0,1412236.0,136457.0,134273.0,10.37,7.35,3.02,2872.0,"Moderna, Oxford/AstraZeneca, Pfizer/BioNTech",Ministry of Health,https://www.mscbs.gob.es/profesionales/saludPublica/ccayes/alertasActual/nCov/vacunaCovid19.htm,""
ESP,2021-03-09T00:00:00.000+05:30,4989505.0,3541667.0,1447838.0,140857.0,132884.0,10.67,7.57,3.1,2842.0,"Moderna, Oxford/AstraZeneca, Pfizer/BioNTech",Ministry of Health,https://www.mscbs.gob.es/profesionales/saludPublica/ccayes/alertasActual/nCov/vacunaCovid19.htm,""
ESP,2021-03-10T00:00:00.000+05:30,5172106.0,3668848.0,1503258.0,182601.0,134716.0,11.06,7.85,3.22,2881.0,"Moderna, Oxford/AstraZeneca, Pfizer/BioNTech",Ministry of Health,https://www.mscbs.gob.es/profesionales/saludPublica/ccayes/alertasActual/nCov/vacunaCovid19.htm,""
ESP,2021-03-11T00:00:00.000+05:30,5352767.0,3769523.0,1583244.0,180661.0,125884.0,11.45,8.06,3.39,2692.0,"Moderna, Oxford/AstraZeneca, Pfizer/BioNTech",Ministry of Health,https://www.mscbs.gob.es/profesionales/saludPublica/ccayes/alertasActual/nCov/vacunaCovid19.htm,""
ESP,2021-03-12T00:00:00.000+05:30,"","","","",124860.0,"","","",2671.0,"Moderna, Oxford/AstraZeneca, Pfizer/BioNTech",Ministry of Health,https://www.mscbs.gob.es/profesionales/saludPublica/ccayes/alertasActual/nCov/vacunaCovid19.htm,""
ESP,2021-03-13T00:00:00.000+05:30,"","","","",123835.0,"","","",2649.0,"Moderna, Oxford/AstraZeneca, Pfizer/BioNTech",Ministry of Health,https://www.mscbs.gob.es/profesionales/saludPublica/ccayes/alertasActual/nCov/vacunaCovid19.htm,""
ESP,2021-03-14T00:00:00.000+05:30,"","","","",122810.0,"","","",2627.0,"Moderna, Oxford/AstraZeneca, Pfizer/BioNTech",Ministry of Health,https://www.mscbs.gob.es/profesionales/saludPublica/ccayes/alertasActual/nCov/vacunaCovid19.htm,""
ESP,2021-03-15T00:00:00.000+05:30,5644895.0,3951221.0,1693674.0,"",113750.0,12.07,8.45,3.62,2433.0,"Moderna, Oxford/AstraZeneca, Pfizer/BioNTech",Ministry of Health,https://www.mscbs.gob.es/profesionales/saludPublica/ccayes/alertasActual/nCov/vacunaCovid19.htm,""
ESP,2021-03-16T00:00:00.000+05:30,5742218.0,4013681.0,1728537.0,97323.0,107530.0,12.28,8.58,3.7,2300.0,"Moderna, Oxford/AstraZeneca, Pfizer/BioNTech",Ministry of Health,https://www.mscbs.gob.es/profesionales/saludPublica/ccayes/alertasActual/nCov/vacunaCovid19.htm,""
ESP,2021-03-17T00:00:00.000+05:30,5857085.0,4052470.0,1804615.0,114867.0,97854.0,12.53,8.67,3.86,2093.0,"Moderna, Oxford/AstraZeneca, Pfizer/BioNTech",Ministry of Health,https://www.mscbs.gob.es/profesionales/saludPublica/ccayes/alertasActual/nCov/vacunaCovid19.htm,""
ESP,2021-03-18T00:00:00.000+05:30,5993363.0,4106550.0,1886813.0,136278.0,91514.0,12.82,8.78,4.04,1957.0,"Moderna, Oxford/AstraZeneca, Pfizer/BioNTech",Ministry of Health,https://www.mscbs.gob.es/profesionales/saludPublica/ccayes/alertasActual/nCov/vacunaCovid19.htm,""
