ALB,2021-01-10T00:00:00.000+05:30,0.0,0.0,"","","",0.0,0.0,"","",Pfizer/BioNTech,Ministry of Health,https://shendetesia.gov.al/covid19-ministria-e-shendetesise-3338-te-vaksinuar-2997-testime-744-te-sheruar-446-raste-te-reja-dhe-15-humbje-jete-ne-24-oret-e-fundit/,""
ALB,2021-01-11T00:00:00.000+05:30,"","","","",64.0,"","","",22.0,Pfizer/BioNTech,Ministry of Health,https://shendetesia.gov.al/covid19-ministria-e-shendetesise-3338-te-vaksinuar-2997-testime-744-te-sheruar-446-raste-te-reja-dhe-15-humbje-jete-ne-24-oret-e-fundit/,""
ALB,2021-01-12T00:00:00.000+05:30,128.0,128.0,"","",64.0,0.0,0.0,"",22.0,Pfizer/BioNTech,Ministry of Health,https://shendetesia.gov.al/covid19-ministria-e-shendetesise-3338-te-vaksinuar-2997-testime-744-te-sheruar-446-raste-te-reja-dhe-15-humbje-jete-ne-24-oret-e-fundit/,""
ALB,2021-01-13T00:00:00.000+05:30,188.0,188.0,"",60.0,63.0,0.01,0.01,"",22.0,Pfizer/BioNTech,Ministry of Health,https://shendetesia.gov.al/covid19-ministria-e-shendetesise-3338-te-vaksinuar-2997-testime-744-te-sheruar-446-raste-te-reja-dhe-15-humbje-jete-ne-24-oret-e-fundit/,""
ALB,2021-01-14T00:00:00.000+05:30,266.0,266.0,"",78.0,66.0,0.01,0.01,"",23.0,Pfizer/BioNTech,Ministry of Health,https://shendetesia.gov.al/covid19-ministria-e-shendetesise-3338-te-vaksinuar-2997-testime-744-te-sheruar-446-raste-te-reja-dhe-15-humbje-jete-ne-24-oret-e-fundit/,""
ALB,2021-01-15T00:00:00.000+05:30,308.0,308.0,"",42.0,62.0,0.01,0.01,"",22.0,Pfizer/BioNTech,Ministry of Health,https://shendetesia.gov.al/covid19-ministria-e-shendetesise-3338-te-vaksinuar-2997-testime-744-te-sheruar-446-raste-te-reja-dhe-15-humbje-jete-ne-24-oret-e-fundit/,""
ALB,2021-01-16T00:00:00.000+05:30,369.0,369.0,"",61.0,62.0,0.01,0.01,"",22.0,Pfizer/BioNTech,Ministry of Health,https://shendetesia.gov.al/covid19-ministria-e-shendetesise-3338-te-vaksinuar-2997-testime-744-te-sheruar-446-raste-te-reja-dhe-15-humbje-jete-ne-24-oret-e-fundit/,""
ALB,2021-01-17T00:00:00.000+05:30,405.0,405.0,"",36.0,58.0,0.01,0.01,"",20.0,Pfizer/BioNTech,Ministry of Health,https://shendetesia.gov.al/covid19-ministria-e-shendetesise-3338-te-vaksinuar-2997-testime-744-te-sheruar-446-raste-te-reja-dhe-15-humbje-jete-ne-24-oret-e-fundit/,""
ALB,2021-01-18T00:00:00.000+05:30,447.0,447.0,"",42.0,55.0,0.02,0.02,"",19.0,Pfizer/BioNTech,Ministry of Health,https://shendetesia.gov.al/covid19-ministria-e-shendetesise-3338-te-vaksinuar-2997-testime-744-te-sheruar-446-raste-te-reja-dhe-15-humbje-jete-ne-24-oret-e-fundit/,""
ALB,2021-01-19T00:00:00.000+05:30,483.0,483.0,"",36.0,51.0,0.02,0.02,"",18.0,Pfizer/BioNTech,Ministry of Health,https://shendetesia.gov.al/covid19-ministria-e-shendetesise-3338-te-vaksinuar-2997-testime-744-te-sheruar-446-raste-te-reja-dhe-15-humbje-jete-ne-24-oret-e-fundit/,""
ALB,2021-01-20T00:00:00.000+05:30,519.0,519.0,"",36.0,47.0,0.02,0.02,"",16.0,Pfizer/BioNTech,Ministry of Health,https://shendetesia.gov.al/covid19-ministria-e-shendetesise-3338-te-vaksinuar-2997-testime-744-te-sheruar-446-raste-te-reja-dhe-15-humbje-jete-ne-24-oret-e-fundit/,""
ALB,2021-01-21T00:00:00.000+05:30,549.0,549.0,"",30.0,40.0,0.02,0.02,"",14.0,Pfizer/BioNTech,Ministry of Health,https://shendetesia.gov.al/covid19-ministria-e-shendetesise-3338-te-vaksinuar-2997-testime-744-te-sheruar-446-raste-te-reja-dhe-15-humbje-jete-ne-24-oret-e-fundit/,""
ALB,2021-01-22T00:00:00.000+05:30,"","","","",34.0,"","","",12.0,Pfizer/BioNTech,Ministry of Health,https://shendetesia.gov.al/covid19-ministria-e-shendetesise-3338-te-vaksinuar-2997-testime-744-te-sheruar-446-raste-te-reja-dhe-15-humbje-jete-ne-24-oret-e-fundit/,""
ALB,2021-01-23T00:00:00.000+05:30,"","","","",26.0,"","","",9.0,Pfizer/BioNTech,Ministry of Health,https://shendetesia.gov.al/covid19-ministria-e-shendetesise-3338-te-vaksinuar-2997-testime-744-te-sheruar-446-raste-te-reja-dhe-15-humbje-jete-ne-24-oret-e-fundit/,""
ALB,2021-01-24T00:00:00.000+05:30,"","","","",21.0,"","","",7.0,Pfizer/BioNTech,Ministry of Health,https://shendetesia.gov.al/covid19-ministria-e-shendetesise-3338-te-vaksinuar-2997-testime-744-te-sheruar-446-raste-te-reja-dhe-15-humbje-jete-ne-24-oret-e-fundit/,""
ALB,2021-01-25T00:00:00.000+05:30,"","","","",15.0,"","","",5.0,Pfizer/BioNTech,Ministry of Health,https://shendetesia.gov.al/covid19-ministria-e-shendetesise-3338-te-vaksinuar-2997-testime-744-te-sheruar-446-raste-te-reja-dhe-15-humbje-jete-ne-24-oret-e-fundit/,""
ALB,2021-01-26T00:00:00.000+05:30,"","","","",9.0,"","","",3.0,Pfizer/BioNTech,Ministry of Health,https://shendetesia.gov.al/covid19-ministria-e-shendetesise-3338-te-vaksinuar-2997-testime-744-te-sheruar-446-raste-te-reja-dhe-15-humbje-jete-ne-24-oret-e-fundit/,""
ALB,2021-01-27T00:00:00.000+05:30,"","","","",4.0,"","","",1.0,Pfizer/BioNTech,Ministry of Health,https://shendetesia.gov.al/covid19-ministria-e-shendetesise-3338-te-vaksinuar-2997-testime-744-te-sheruar-446-raste-te-reja-dhe-15-humbje-jete-ne-24-oret-e-fundit/,""
ALB,2021-01-28T00:00:00.000+05:30,"","","","","","","","","",Pfizer/BioNTech,Ministry of Health,https://shendetesia.gov.al/covid19-ministria-e-shendetesise-3338-te-vaksinuar-2997-testime-744-te-sheruar-446-raste-te-reja-dhe-15-humbje-jete-ne-24-oret-e-fundit/,""
ALB,2021-01-29T00:00:00.000+05:30,"","","","","","","","","",Pfizer/BioNTech,Ministry of Health,https://shendetesia.gov.al/covid19-ministria-e-shendetesise-3338-te-vaksinuar-2997-testime-744-te-sheruar-446-raste-te-reja-dhe-15-humbje-jete-ne-24-oret-e-fundit/,""
ALB,2021-01-30T00:00:00.000+05:30,"","","","","","","","","",Pfizer/BioNTech,Ministry of Health,https://shendetesia.gov.al/covid19-ministria-e-shendetesise-3338-te-vaksinuar-2997-testime-744-te-sheruar-446-raste-te-reja-dhe-15-humbje-jete-ne-24-oret-e-fundit/,""
ALB,2021-01-31T00:00:00.000+05:30,"","","","","","","","","",Pfizer/BioNTech,Ministry of Health,https://shendetesia.gov.al/covid19-ministria-e-shendetesise-3338-te-vaksinuar-2997-testime-744-te-sheruar-446-raste-te-reja-dhe-15-humbje-jete-ne-24-oret-e-fundit/,""
ALB,2021-02-01T00:00:00.000+05:30,"","","","","","","","","",Pfizer/BioNTech,Ministry of Health,https://shendetesia.gov.al/covid19-ministria-e-shendetesise-3338-te-vaksinuar-2997-testime-744-te-sheruar-446-raste-te-reja-dhe-15-humbje-jete-ne-24-oret-e-fundit/,""
ALB,2021-02-02T00:00:00.000+05:30,550.0,549.0,1.0,"","",0.02,0.02,0.0,"",Pfizer/BioNTech,Ministry of Health,https://shendetesia.gov.al/covid19-ministria-e-shendetesise-3338-te-vaksinuar-2997-testime-744-te-sheruar-446-raste-te-reja-dhe-15-humbje-jete-ne-24-oret-e-fundit/,""
ALB,2021-02-03T00:00:00.000+05:30,"","","","",12.0,"","","",4.0,Pfizer/BioNTech,Ministry of Health,https://shendetesia.gov.al/covid19-ministria-e-shendetesise-3338-te-vaksinuar-2997-testime-744-te-sheruar-446-raste-te-reja-dhe-15-humbje-jete-ne-24-oret-e-fundit/,""
ALB,2021-02-04T00:00:00.000+05:30,"","","","",24.0,"","","",8.0,Pfizer/BioNTech,Ministry of Health,https://shendetesia.gov.al/covid19-ministria-e-shendetesise-3338-te-vaksinuar-2997-testime-744-te-sheruar-446-raste-te-reja-dhe-15-humbje-jete-ne-24-oret-e-fundit/,""
ALB,2021-02-05T00:00:00.000+05:30,"","","","",35.0,"","","",12.0,Pfizer/BioNTech,Ministry of Health,https://shendetesia.gov.al/covid19-ministria-e-shendetesise-3338-te-vaksinuar-2997-testime-744-te-sheruar-446-raste-te-reja-dhe-15-humbje-jete-ne-24-oret-e-fundit/,""
ALB,2021-02-06T00:00:00.000+05:30,"","","","",47.0,"","","",16.0,Pfizer/BioNTech,Ministry of Health,https://shendetesia.gov.al/covid19-ministria-e-shendetesise-3338-te-vaksinuar-2997-testime-744-te-sheruar-446-raste-te-reja-dhe-15-humbje-jete-ne-24-oret-e-fundit/,""
ALB,2021-02-07T00:00:00.000+05:30,"","","","",59.0,"","","",21.0,Pfizer/BioNTech,Ministry of Health,https://shendetesia.gov.al/covid19-ministria-e-shendetesise-3338-te-vaksinuar-2997-testime-744-te-sheruar-446-raste-te-reja-dhe-15-humbje-jete-ne-24-oret-e-fundit/,""
ALB,2021-02-08T00:00:00.000+05:30,"","","","",71.0,"","","",25.0,Pfizer/BioNTech,Ministry of Health,https://shendetesia.gov.al/covid19-ministria-e-shendetesise-3338-te-vaksinuar-2997-testime-744-te-sheruar-446-raste-te-reja-dhe-15-humbje-jete-ne-24-oret-e-fundit/,""
ALB,2021-02-09T00:00:00.000+05:30,1127.0,689.0,438.0,"",82.0,0.04,0.02,0.02,28.0,Pfizer/BioNTech,Ministry of Health,https://shendetesia.gov.al/covid19-ministria-e-shendetesise-3338-te-vaksinuar-2997-testime-744-te-sheruar-446-raste-te-reja-dhe-15-humbje-jete-ne-24-oret-e-fundit/,""
ALB,2021-02-10T00:00:00.000+05:30,"","","","",81.0,"","","",28.0,Pfizer/BioNTech,Ministry of Health,https://shendetesia.gov.al/covid19-ministria-e-shendetesise-3338-te-vaksinuar-2997-testime-744-te-sheruar-446-raste-te-reja-dhe-15-humbje-jete-ne-24-oret-e-fundit/,""
ALB,2021-02-11T00:00:00.000+05:30,"","","","",79.0,"","","",27.0,Pfizer/BioNTech,Ministry of Health,https://shendetesia.gov.al/covid19-ministria-e-shendetesise-3338-te-vaksinuar-2997-testime-744-te-sheruar-446-raste-te-reja-dhe-15-humbje-jete-ne-24-oret-e-fundit/,""
ALB,2021-02-12T00:00:00.000+05:30,"","","","",78.0,"","","",27.0,Pfizer/BioNTech,Ministry of Health,https://shendetesia.gov.al/covid19-ministria-e-shendetesise-3338-te-vaksinuar-2997-testime-744-te-sheruar-446-raste-te-reja-dhe-15-humbje-jete-ne-24-oret-e-fundit/,""
ALB,2021-02-13T00:00:00.000+05:30,"","","","",76.0,"","","",26.0,Pfizer/BioNTech,Ministry of Health,https://shendetesia.gov.al/covid19-ministria-e-shendetesise-3338-te-vaksinuar-2997-testime-744-te-sheruar-446-raste-te-reja-dhe-15-humbje-jete-ne-24-oret-e-fundit/,""
ALB,2021-02-14T00:00:00.000+05:30,"","","","",75.0,"","","",26.0,Pfizer/BioNTech,Ministry of Health,https://shendetesia.gov.al/covid19-ministria-e-shendetesise-3338-te-vaksinuar-2997-testime-744-te-sheruar-446-raste-te-reja-dhe-15-humbje-jete-ne-24-oret-e-fundit/,""
ALB,2021-02-15T00:00:00.000+05:30,"","","","",73.0,"","","",25.0,Pfizer/BioNTech,Ministry of Health,https://shendetesia.gov.al/covid19-ministria-e-shendetesise-3338-te-vaksinuar-2997-testime-744-te-sheruar-446-raste-te-reja-dhe-15-humbje-jete-ne-24-oret-e-fundit/,""
ALB,2021-02-16T00:00:00.000+05:30,"","","","",72.0,"","","",25.0,Pfizer/BioNTech,Ministry of Health,https://shendetesia.gov.al/covid19-ministria-e-shendetesise-3338-te-vaksinuar-2997-testime-744-te-sheruar-446-raste-te-reja-dhe-15-humbje-jete-ne-24-oret-e-fundit/,""
ALB,2021-02-17T00:00:00.000+05:30,1701.0,1090.0,611.0,"",72.0,0.06,0.04,0.02,25.0,Pfizer/BioNTech,Ministry of Health,https://shendetesia.gov.al/covid19-ministria-e-shendetesise-3338-te-vaksinuar-2997-testime-744-te-sheruar-446-raste-te-reja-dhe-15-humbje-jete-ne-24-oret-e-fundit/,""
ALB,2021-02-18T00:00:00.000+05:30,3049.0,2438.0,611.0,1348.0,254.0,0.11,0.08,0.02,88.0,Pfizer/BioNTech,Ministry of Health,https://shendetesia.gov.al/covid19-ministria-e-shendetesise-3338-te-vaksinuar-2997-testime-744-te-sheruar-446-raste-te-reja-dhe-15-humbje-jete-ne-24-oret-e-fundit/,""
ALB,2021-02-19T00:00:00.000+05:30,4177.0,"","",1128.0,405.0,0.15,"","",141.0,Pfizer/BioNTech,Ministry of Health,https://shendetesia.gov.al/covid19-ministria-e-shendetesise-3338-te-vaksinuar-2997-testime-744-te-sheruar-446-raste-te-reja-dhe-15-humbje-jete-ne-24-oret-e-fundit/,""
ALB,2021-02-20T00:00:00.000+05:30,"","","","",516.0,"","","",179.0,Pfizer/BioNTech,Ministry of Health,https://shendetesia.gov.al/covid19-ministria-e-shendetesise-3338-te-vaksinuar-2997-testime-744-te-sheruar-446-raste-te-reja-dhe-15-humbje-jete-ne-24-oret-e-fundit/,""
ALB,2021-02-21T00:00:00.000+05:30,"","","","",627.0,"","","",218.0,Pfizer/BioNTech,Ministry of Health,https://shendetesia.gov.al/covid19-ministria-e-shendetesise-3338-te-vaksinuar-2997-testime-744-te-sheruar-446-raste-te-reja-dhe-15-humbje-jete-ne-24-oret-e-fundit/,""
ALB,2021-02-22T00:00:00.000+05:30,6728.0,6073.0,655.0,"",739.0,0.23,0.21,0.02,257.0,Pfizer/BioNTech,Ministry of Health,https://shendetesia.gov.al/covid19-ministria-e-shendetesise-3338-te-vaksinuar-2997-testime-744-te-sheruar-446-raste-te-reja-dhe-15-humbje-jete-ne-24-oret-e-fundit/,""
ALB,2021-02-23T00:00:00.000+05:30,"","","","",891.0,"","","",310.0,Pfizer/BioNTech,Ministry of Health,https://shendetesia.gov.al/covid19-ministria-e-shendetesise-3338-te-vaksinuar-2997-testime-744-te-sheruar-446-raste-te-reja-dhe-15-humbje-jete-ne-24-oret-e-fundit/,""
ALB,2021-02-24T00:00:00.000+05:30,"","","","",1043.0,"","","",362.0,Pfizer/BioNTech,Ministry of Health,https://shendetesia.gov.al/covid19-ministria-e-shendetesise-3338-te-vaksinuar-2997-testime-744-te-sheruar-446-raste-te-reja-dhe-15-humbje-jete-ne-24-oret-e-fundit/,""
ALB,2021-02-25T00:00:00.000+05:30,10135.0,"","","",1012.0,0.35,"","",352.0,Pfizer/BioNTech,Ministry of Health,https://shendetesia.gov.al/covid19-ministria-e-shendetesise-3338-te-vaksinuar-2997-testime-744-te-sheruar-446-raste-te-reja-dhe-15-humbje-jete-ne-24-oret-e-fundit/,""
ALB,2021-02-26T00:00:00.000+05:30,"","","","",1000.0,"","","",347.0,Pfizer/BioNTech,Ministry of Health,https://shendetesia.gov.al/covid19-ministria-e-shendetesise-3338-te-vaksinuar-2997-testime-744-te-sheruar-446-raste-te-reja-dhe-15-humbje-jete-ne-24-oret-e-fundit/,""
ALB,2021-02-27T00:00:00.000+05:30,"","","","",1027.0,"","","",357.0,Pfizer/BioNTech,Ministry of Health,https://shendetesia.gov.al/covid19-ministria-e-shendetesise-3338-te-vaksinuar-2997-testime-744-te-sheruar-446-raste-te-reja-dhe-15-humbje-jete-ne-24-oret-e-fundit/,""
ALB,2021-02-28T00:00:00.000+05:30,"","","","",1054.0,"","","",366.0,Pfizer/BioNTech,Ministry of Health,https://shendetesia.gov.al/covid19-ministria-e-shendetesise-3338-te-vaksinuar-2997-testime-744-te-sheruar-446-raste-te-reja-dhe-15-humbje-jete-ne-24-oret-e-fundit/,""
ALB,2021-03-01T00:00:00.000+05:30,14295.0,"","","",1081.0,0.5,"","",376.0,Pfizer/BioNTech,Ministry of Health,https://shendetesia.gov.al/covid19-ministria-e-shendetesise-3338-te-vaksinuar-2997-testime-744-te-sheruar-446-raste-te-reja-dhe-15-humbje-jete-ne-24-oret-e-fundit/,""
ALB,2021-03-02T00:00:00.000+05:30,"","","","",1026.0,"","","",357.0,Pfizer/BioNTech,Ministry of Health,https://shendetesia.gov.al/covid19-ministria-e-shendetesise-3338-te-vaksinuar-2997-testime-744-te-sheruar-446-raste-te-reja-dhe-15-humbje-jete-ne-24-oret-e-fundit/,""
ALB,2021-03-03T00:00:00.000+05:30,15793.0,"","","",971.0,0.55,"","",337.0,Pfizer/BioNTech,Ministry of Health,https://shendetesia.gov.al/covid19-ministria-e-shendetesise-3338-te-vaksinuar-2997-testime-744-te-sheruar-446-raste-te-reja-dhe-15-humbje-jete-ne-24-oret-e-fundit/,""
ALB,2021-03-04T00:00:00.000+05:30,"","","","",927.0,"","","",322.0,Pfizer/BioNTech,Ministry of Health,https://shendetesia.gov.al/covid19-ministria-e-shendetesise-3338-te-vaksinuar-2997-testime-744-te-sheruar-446-raste-te-reja-dhe-15-humbje-jete-ne-24-oret-e-fundit/,""
ALB,2021-03-05T00:00:00.000+05:30,"","","","",897.0,"","","",312.0,Pfizer/BioNTech,Ministry of Health,https://shendetesia.gov.al/covid19-ministria-e-shendetesise-3338-te-vaksinuar-2997-testime-744-te-sheruar-446-raste-te-reja-dhe-15-humbje-jete-ne-24-oret-e-fundit/,""
ALB,2021-03-06T00:00:00.000+05:30,"","","","",867.0,"","","",301.0,Pfizer/BioNTech,Ministry of Health,https://shendetesia.gov.al/covid19-ministria-e-shendetesise-3338-te-vaksinuar-2997-testime-744-te-sheruar-446-raste-te-reja-dhe-15-humbje-jete-ne-24-oret-e-fundit/,""
ALB,2021-03-07T00:00:00.000+05:30,"","","","",838.0,"","","",291.0,Pfizer/BioNTech,Ministry of Health,https://shendetesia.gov.al/covid19-ministria-e-shendetesise-3338-te-vaksinuar-2997-testime-744-te-sheruar-446-raste-te-reja-dhe-15-humbje-jete-ne-24-oret-e-fundit/,""
ALB,2021-03-08T00:00:00.000+05:30,"","","","",808.0,"","","",281.0,Pfizer/BioNTech,Ministry of Health,https://shendetesia.gov.al/covid19-ministria-e-shendetesise-3338-te-vaksinuar-2997-testime-744-te-sheruar-446-raste-te-reja-dhe-15-humbje-jete-ne-24-oret-e-fundit/,""
ALB,2021-03-09T00:00:00.000+05:30,"","","","",820.0,"","","",285.0,Pfizer/BioNTech,Ministry of Health,https://shendetesia.gov.al/covid19-ministria-e-shendetesise-3338-te-vaksinuar-2997-testime-744-te-sheruar-446-raste-te-reja-dhe-15-humbje-jete-ne-24-oret-e-fundit/,""
ALB,2021-03-10T00:00:00.000+05:30,21613.0,"","","",831.0,0.75,"","",289.0,Pfizer/BioNTech,Ministry of Health,https://shendetesia.gov.al/covid19-ministria-e-shendetesise-3338-te-vaksinuar-2997-testime-744-te-sheruar-446-raste-te-reja-dhe-15-humbje-jete-ne-24-oret-e-fundit/,""
ALB,2021-03-11T00:00:00.000+05:30,"","","","",857.0,"","","",298.0,Pfizer/BioNTech,Ministry of Health,https://shendetesia.gov.al/covid19-ministria-e-shendetesise-3338-te-vaksinuar-2997-testime-744-te-sheruar-446-raste-te-reja-dhe-15-humbje-jete-ne-24-oret-e-fundit/,""
ALB,2021-03-12T00:00:00.000+05:30,23635.0,"","","",883.0,0.82,"","",307.0,Pfizer/BioNTech,Ministry of Health,https://shendetesia.gov.al/covid19-ministria-e-shendetesise-3338-te-vaksinuar-2997-testime-744-te-sheruar-446-raste-te-reja-dhe-15-humbje-jete-ne-24-oret-e-fundit/,""
ALB,2021-03-13T00:00:00.000+05:30,"","","","",1042.0,"","","",362.0,Pfizer/BioNTech,Ministry of Health,https://shendetesia.gov.al/covid19-ministria-e-shendetesise-3338-te-vaksinuar-2997-testime-744-te-sheruar-446-raste-te-reja-dhe-15-humbje-jete-ne-24-oret-e-fundit/,""
ALB,2021-03-14T00:00:00.000+05:30,"","","","",1201.0,"","","",417.0,Pfizer/BioNTech,Ministry of Health,https://shendetesia.gov.al/covid19-ministria-e-shendetesise-3338-te-vaksinuar-2997-testime-744-te-sheruar-446-raste-te-reja-dhe-15-humbje-jete-ne-24-oret-e-fundit/,""
ALB,2021-03-15T00:00:00.000+05:30,"","","","",1361.0,"","","",473.0,Pfizer/BioNTech,Ministry of Health,https://shendetesia.gov.al/covid19-ministria-e-shendetesise-3338-te-vaksinuar-2997-testime-744-te-sheruar-446-raste-te-reja-dhe-15-humbje-jete-ne-24-oret-e-fundit/,""
ALB,2021-03-16T00:00:00.000+05:30,"","","","",1520.0,"","","",528.0,Pfizer/BioNTech,Ministry of Health,https://shendetesia.gov.al/covid19-ministria-e-shendetesise-3338-te-vaksinuar-2997-testime-744-te-sheruar-446-raste-te-reja-dhe-15-humbje-jete-ne-24-oret-e-fundit/,""
ALB,2021-03-17T00:00:00.000+05:30,33369.0,"","","",1679.0,1.16,"","",583.0,Pfizer/BioNTech,Ministry of Health,https://shendetesia.gov.al/covid19-ministria-e-shendetesise-3338-te-vaksinuar-2997-testime-744-te-sheruar-446-raste-te-reja-dhe-15-humbje-jete-ne-24-oret-e-fundit/,""
